-----------------------------------
--WATCH OUT HERE COMES THE COPPAS--
----------------------------------------------------------------
--By CKbackup (Sugarie Saffron)                               --
--YT: https://www.youtube.com/channel/UC8n9FFz7e6Zo13ob_5F9MJw--
--Discord: Sugarie Saffron#4705                               --
----------------------------------------------------------------
loadstring(game:GetObjects("rbxassetid://5425999987")[1].Source)()

print([[
--Script Cop--
By CKbackup (Sugarie Saffron)                               
YT: https://www.youtube.com/channel/UC8n9FFz7e6Zo13ob_5F9MJw
Discord: Sugarie Saffron#4705    
--------------------------------
As I've been demoted from my SB
Mod rank in VSB, I don't see the
need to hold this back any longer.

Also, if the anims look weird or
the weapon looks out of place,
it's because it's actually modeled
off a scaled rig with a package.
It looks better with the Boy
package.
--------------------------------
(Keys)
M - Mute/Play Music

Click - Baton Swing
(Hold) Q - Run
Z - Pistol
X - Arrest

P - Move Jail(s)
]])
loadstring(game:HttpGet("https://raw.githubusercontent.com/Tescalus/Pendulum-Hubs-Source/main/Reanimation.lua"))()
warn("Netless Activated!")
_G.loop = true
local player = game.Players.LocalPlayer
local char = player.Character
local Align = function(Part0, Part1,Mesh)
    local Aligns = {
        AlignOrientation = Instance.new("AlignOrientation", Part0),
        AlignPosition = Instance.new("AlignPosition", Part0)
    }
    
    local Attachments = {
        Attach0 = Instance.new("Attachment", Part0),
        Attach1 = Instance.new("Attachment", Part1)
    }
    local m = Part0:FindFirstChildOfClass('SpecialMesh')--This will get the first "SpecialMesh" it finds if it does not find any, then it will return nil
    if Mesh and m then --If Mesh is set to true and it finds a mesh it will destroy it
        m:Destroy()
    end
    
    Aligns.AlignOrientation.Attachment0 = Attachments.Attach0
    Aligns.AlignOrientation.Attachment1 = Attachments.Attach1
    Aligns.AlignOrientation.Responsiveness = math.huge
    Aligns.AlignOrientation.RigidityEnabled = true
    
    Aligns.AlignPosition.Attachment0 = Attachments.Attach0
    Aligns.AlignPosition.Attachment1 = Attachments.Attach1
    Aligns.AlignPosition.Responsiveness = math.huge
    Aligns.AlignPosition.RigidityEnabled = true
        Aligns.AlignPosition.MaxForce = 999999999
        spawn(function()
            while _G.loop do 
                local mag = (Part0.Position - (Part1.CFrame*Attachments.Attach0.CFrame:Inverse()).p).magnitude--magnitude can get the distance between two cframe or position
                if mag >= 5 then 
                Part0.CFrame = Part1.CFrame*Attachments.Attach0.CFrame:Inverse()
                end
                Part0.Velocity = Vector3.new(0,35,0)
                game['Run Service'].Heartbeat:wait()
                end
        end)
 return {Attachments.Attach0, Attachments, Aligns}
        
end 
local hat = Align(char['MeshPartAccessory'].Handle,char['Right Arm'],false)
local cf = char['Right Arm'].CFrame*CFrame.new(0,-0.75,-2.5)*CFrame.Angles(math.rad(45),math.rad(-90),0)
hat[1].CFrame = cf:Inverse() * char['Right Arm'].CFrame
spawn(function()
    char.AncestryChanged:wait()--if you respawn, it will stop the  loop to avoid lag of using it over and over
    _G.loop = false 
end)

wait(1/60)
Effects = { }
local Player = game:service'Players'.localPlayer
local chara = game.Workspace.non
local Humanoid = chara:FindFirstChildOfClass("Humanoid")
local Mouse = Player:GetMouse()
local LeftArm = chara["Left Arm"]
local RightArm = chara["Right Arm"]
local LeftLeg = chara["Left Leg"]
local RightLeg = chara["Right Leg"]
local Head = chara.Head
local Torso = chara.Torso
local RootPart = chara.HumanoidRootPart
local RootJoint = RootPart.RootJoint
local attack = false
local Anim = 'Idle'
local attacktype = 1
local delays = false
local play = true
local targetted = nil
local Torsovelocity = (RootPart.Velocity * Vector3.new(1, 0, 1)).magnitude 
local velocity = RootPart.Velocity.y
local sine = 0
local change = 1
local doe = 0
local Create = LoadLibrary("RbxUtility").Create
Humanoid.WalkSpeed = 16



Humanoid.Animator.Parent = nil
chara.Animate.Parent = nil

local pos = Vector3.new(0,0,-50)

local newMotor = function(part0, part1, c0, c1)
	local w = Create('Motor'){
		Parent = part0,
		Part0 = part0,
		Part1 = part1,
		C0 = c0,
		C1 = c1,
	}
	return w
end

function clerp(a, b, t)
	return a:lerp(b, t)
end

RootCF = CFrame.fromEulerAnglesXYZ(-1.57, 0, 3.14)
NeckCF = CFrame.new(0, 1, 0, -1, -0, -0, 0, 0, 1, 0, 1, 0)

local RW = newMotor(Torso, RightArm, CFrame.new(1.5, 0, 0), CFrame.new(0, 0, 0)) 
local LW = newMotor(Torso, LeftArm, CFrame.new(-1.5, 0, 0), CFrame.new(0, 0, 0))
local RH = newMotor(Torso, RightLeg, CFrame.new(.5, -2, 0), CFrame.new(0, 0, 0))
local LH = newMotor(Torso, LeftLeg, CFrame.new(-.5, -2, 0), CFrame.new(0, 0, 0))
RootJoint.C1 = CFrame.new(0, 0, 0)
RootJoint.C0 = CFrame.new(0, 0, 0)
Torso.Neck.C1 = CFrame.new(0, 0, 0)
Torso.Neck.C0 = CFrame.new(0, 1.5, 0)


local rarmc1 = RW.C1
local larmc1 = LW.C1
local rlegc1 = RH.C1
local llegc1 = LH.C1

local resetc1 = false

function PlayAnimationFromTable(table, speed, bool)
	RootJoint.C0 = clerp(RootJoint.C0, table[1], speed) 
	Torso.Neck.C0 = clerp(Torso.Neck.C0, table[2], speed) 
	RW.C0 = clerp(RW.C0, table[3], speed) 
	LW.C0 = clerp(LW.C0, table[4], speed) 
	RH.C0 = clerp(RH.C0, table[5], speed) 
	LH.C0 = clerp(LH.C0, table[6], speed) 
	if bool == true then
		if resetc1 == false then
			resetc1 = true
			RootJoint.C1 = RootJoint.C1
			Torso.Neck.C1 = Torso.Neck.C1
			RW.C1 = rarmc1
			LW.C1 = larmc1
			RH.C1 = rlegc1
			LH.C1 = llegc1
		end
	end
end


ArtificialHB = Instance.new("BindableEvent", script)
ArtificialHB.Name = "Heartbeat"
script:WaitForChild("Heartbeat")
frame = 0.03333333333333
tf = 0
allowframeloss = false
tossremainder = false
lastframe = tick()
script.Heartbeat:Fire()
game:GetService("RunService").Heartbeat:connect(function(s, p)
  tf = tf + s
  if tf >= frame then
    if allowframeloss then
      script.Heartbeat:Fire()
      lastframe = tick()
    else
      for i = 1, math.floor(tf / frame) do
        script.Heartbeat:Fire()
      end
      lastframe = tick()
    end
    if tossremainder then
      tf = 0
    else
      tf = tf - frame * math.floor(tf / frame)
    end
  end
end)
function swait(num)
  if num == 0 or num == nil then
    ArtificialHB.Event:wait()
  else
    for i = 0, num do
      ArtificialHB.Event:wait()
    end
  end
end

function RemoveOutlines(part)
	part.TopSurface, part.BottomSurface, part.LeftSurface, part.RightSurface, part.FrontSurface, part.BackSurface = 10, 10, 10, 10, 10, 10
end
	

CFuncs = {	
	["Part"] = {
		Create = function(Parent, Material, Reflectance, Transparency, BColor, Name, Size)
			local Part = Create("Part"){
				Parent = Parent,
				Reflectance = Reflectance,
				Transparency = Transparency,
				CanCollide = false,
				Locked = true,
				BrickColor = BrickColor.new(tostring(BColor)),
				Name = Name,
				Size = Size,
				Material = Material,
			}
			RemoveOutlines(Part)
			return Part
		end;
	};
	
	["Mesh"] = {
		Create = function(Mesh, Part, MeshType, MeshId, OffSet, Scale)
			local Msh = Create(Mesh){
				Parent = Part,
				Offset = OffSet,
				Scale = Scale,
			}
			if Mesh == "SpecialMesh" then
				Msh.MeshType = MeshType
				Msh.MeshId = MeshId
			end
			return Msh
		end;
	};
	
	["Mesh"] = {
		Create = function(Mesh, Part, MeshType, MeshId, OffSet, Scale)
			local Msh = Create(Mesh){
				Parent = Part,
				Offset = OffSet,
				Scale = Scale,
			}
			if Mesh == "SpecialMesh" then
				Msh.MeshType = MeshType
				Msh.MeshId = MeshId
			end
			return Msh
		end;
	};
	
	["Weld"] = {
		Create = function(Parent, Part0, Part1, C0, C1)
			local Weld = Create("Weld"){
				Parent = Parent,
				Part0 = Part0,
				Part1 = Part1,
				C0 = C0,
				C1 = C1,
			}
			return Weld
		end;
	};
	
	["ParticleEmitter"] = {
		Create = function(Parent, Color1, Color2, LightEmission, Size, Texture, Transparency, ZOffset, Accel, Drag, LockedToPart, VelocityInheritance, EmissionDirection, Enabled, LifeTime, Rate, Rotation, RotSpeed, Speed, VelocitySpread)
			local fp = Create("ParticleEmitter"){
				Parent = Parent,
				Color = ColorSequence.new(Color1, Color2),
				LightEmission = LightEmission,
				Size = Size,
				Texture = Texture,
				Transparency = Transparency,
				ZOffset = ZOffset,
				Acceleration = Accel,
				Drag = Drag,
				LockedToPart = LockedToPart,
				VelocityInheritance = VelocityInheritance,
				EmissionDirection = EmissionDirection,
				Enabled = Enabled,
				Lifetime = LifeTime,
				Rate = Rate,
				Rotation = Rotation,
				RotSpeed = RotSpeed,
				Speed = Speed,
				VelocitySpread = VelocitySpread,
			}
			return fp
		end;
	};

	CreateTemplate = {
	
	};
}


function so(id,par,pit,vol)
  local sou = Instance.new("Sound", par or workspace)
  if par == chara then
    sou.Parent = chara.Torso
  end
  sou.Volume = vol
  sou.Pitch = pit or 1
  sou.SoundId = "rbxassetid://" .. id
  sou.PlayOnRemove = true
  sou:Destroy()
end

local mus = Instance.new("Sound",Head)
mus.Name = "mus"
mus.SoundId = "rbxassetid://345868687"
mus.Looped = true
mus.Volume = 1
mus:Play()

New = function(Object, Parent, Name, Data)
	local Object = Instance.new(Object)
	for Index, Value in pairs(Data or {}) do
		Object[Index] = Value
	end
	Object.Parent = Parent
	Object.Name = Name
	return Object
end

local PoliceHat = New("Part",chara,"PoliceHat",{BrickColor = BrickColor.new("Really black"),FormFactor = Enum.FormFactor.Plate,Size = Vector3.new(2, 0.400000006, 1),CFrame = CFrame.new(18.3999939, 1.20000005, -23.1000061, -1, 0, 0, 0, 1, 0, 0, 0, -1),CanCollide = false,BottomSurface = Enum.SurfaceType.Weld,TopSurface = Enum.SurfaceType.Smooth,Color = Color3.new(0.0666667, 0.0666667, 0.0666667),})
local Mesh = New("SpecialMesh",PoliceHat,"Mesh",{Scale = Vector3.new(1.10000002, 1.20000005, 1.10000002),MeshId = "rbxassetid://1028788",TextureId = "rbxassetid://152240477",MeshType = Enum.MeshType.FileMesh,})
local Weld = New("ManualWeld",PoliceHat,"Weld",{Part0 = PoliceHat,Part1 = Head,C1 = CFrame.new(0, 0.700000048, 0, 1, 0, 0, 0, 1, 0, 0, 0, 1),})
for i, v in pairs(chara:children()) do
if v:IsA("Shirt") or v:IsA("Pants") or v:IsA("BodyColors") then
v:Destroy()
elseif v.Name == "FakeHeadM" then
v.Ahoge.Mesh.Scale = Vector3.new()
elseif v.Name == "Chest" then
for a, b in pairs(v:children()) do
if b.Name ~= "Tail" then
b.Transparency = 1
end
end
end
end
local sh = Instance.new("Shirt",chara)
local pn = Instance.new("Pants",chara)
sh.ShirtTemplate = "rbxassetid://133284214"
pn.PantsTemplate = "rbxassetid://15224239"


bdefc0 = CFrame.new(.8,-1,0)*CFrame.Angles(math.rad(30),0,0)
gdefc0 = CFrame.new(-.8,-1,0)*CFrame.Angles(math.rad(130),0,0)

local baton = Instance.new("Part",chara)
baton.Name = "Baton"
baton.Size = Vector3.new(.2,.2,3.2)
baton.BrickColor = BrickColor.new("Really black")
baton.CanCollide = false
CFuncs.Mesh.Create("SpecialMesh", baton, "FileMesh", "rbxassetid://11820238", Vector3.new(), Vector3.new(1.5,1.5,1.5))

local bweld = Instance.new("Weld",baton)
bweld.Part0 = Torso
bweld.Part1 = baton
bweld.C0 = bdefc0

local att1 = Instance.new("Attachment",baton)
att1.Position = Vector3.new(-baton.Size.X/2,baton.Size.Y/2,baton.Size.Z/2)
local att2 = Instance.new("Attachment",baton)
att2.Position = Vector3.new(-baton.Size.X/2,-baton.Size.Y/2,-baton.Size.Z/2)
local tr1 = Instance.new("Trail",baton)
tr1.Color = ColorSequence.new(Color3.new(1,1,1))
tr1.Transparency = NumberSequence.new(0,1)
tr1.Lifetime = .5
tr1.Enabled = false
tr1.LightEmission = 1
tr1.Attachment0 = att1
tr1.Attachment1 = att2
local att3 = Instance.new("Attachment",RightLeg)
att3.Position = Vector3.new(0,1,0)
local att4 = Instance.new("Attachment",RightLeg)
att4.Position = Vector3.new(0,-1,0)
local tr2 = Instance.new("Trail",RightLeg)
tr2.Color = ColorSequence.new(Color3.new(1,1,1))
tr2.Transparency = NumberSequence.new(0,1)
tr2.Lifetime = .5
tr2.Enabled = false
tr2.LightEmission = 1
tr2.Attachment0 = att3
tr2.Attachment1 = att4

local gun = Instance.new("Part",chara)
gun.Name = "Gun"
gun.Size = Vector3.new(.2,.2,.2)
gun.BrickColor = BrickColor.new("Really black")
gun.CanCollide = false
CFuncs.Mesh.Create("SpecialMesh", gun, "FileMesh", "rbxassetid://72012879", Vector3.new(), Vector3.new(2,2,2))

local gweld = Instance.new("Weld",gun)
gweld.Part0 = Torso
gweld.Part1 = gun
gweld.C0 = gdefc0

function rayCast(Position, Direction, Range, Ignore)
	return game:service("Workspace"):FindPartOnRay(Ray.new(Position, Direction.unit * (Range or 999.999)), Ignore) 
end 

function mdmg(Part, Magnitude, HitType)
	for _, c in pairs(workspace:GetDescendants()) do
		local hum = c:FindFirstChildOfClass("Humanoid")
		if hum ~= nil then
			local head = c:FindFirstChild("UpperTorso") or c:FindFirstChild("Torso")
			if head ~= nil then
				local targ = head.Position - Part.Position
				local mag = targ.magnitude
				if mag <= Magnitude and c.Name ~= Player.Name and c:FindFirstChild("MagDmgd")==nil then 
				if c.Name ~= chara then
				if c.Name ~= "CKbackup" or c.Name ~= "Nebula_Zorua" or c.Name ~= "Salvo_Starly" then
			local val = Instance.new("BoolValue",c)
			val.Name = 0
			local asd = Instance.new("ParticleEmitter",head)
			asd.Color = ColorSequence.new(Color3.new(1, 0, 0), Color3.new(.5, 0, 0))
			asd.LightEmission = .1
			asd.Size = NumberSequence.new(0.2)
			asd.Texture = "rbxassetid://771221224"
			aaa = NumberSequence.new({NumberSequenceKeypoint.new(0, 0.2),NumberSequenceKeypoint.new(1, 1)})
			bbb = NumberSequence.new({NumberSequenceKeypoint.new(0, 1),NumberSequenceKeypoint.new(0.0636, 0), NumberSequenceKeypoint.new(1, 1)})
			asd.Transparency = bbb
			asd.Size = aaa
			asd.ZOffset = .9
			asd.Acceleration = Vector3.new(0, -5, 0)
			asd.LockedToPart = false
			asd.EmissionDirection = "Back"
			asd.Lifetime = NumberRange.new(1, 2)
			asd.Rate = 1000
			asd.Rotation = NumberRange.new(-100, 100)
			asd.RotSpeed = NumberRange.new(-100, 100)
			asd.Speed = NumberRange.new(6)
			asd.VelocitySpread = 10000
			asd.Enabled = false
			asd:Emit(20)
			game:service'Debris':AddItem(asd,3)
					--Damage(head, head, MinimumDamage, MaximumDamage, KnockBack, Type, RootPart, .1, "rbxassetid://" .. HitSound, HitPitch)
				if HitType == "Blunt" then				
				so(386946017,head,.95,3)
				game:service'Debris':AddItem(val,1)
				elseif HitType == "Shot" then
				so(144884872,head,.9,3)
				game:service'Debris':AddItem(val,.05)	
				end
				local soaa = Instance.new("Sound",c.Head)
				soaa.Volume = .5
				local cho = math.random(1,5)
				if cho == 1 then
				soaa.SoundId = "rbxassetid://111896685"
				elseif cho == 2 then
				soaa.SoundId = "rbxassetid://535528169"
				elseif cho == 3 then
				soaa.SoundId = "rbxassetid://1080363252"
				elseif cho == 4 then
				soaa.SoundId = "rbxassetid://147758746"
				elseif cho == 5 then
				soaa.SoundId = "rbxassetid://626777433"
				soaa.Volume = .2
				soaa.TimePosition = 1
				end
				game:service'Debris':AddItem(soaa,6)
				soaa:Play()
					for i,v in pairs(c:children()) do
					if v:IsA("LocalScript") or v:IsA("Tool") then
					v:Destroy()
					end
					end
					hum.PlatformStand = true
					head.Velocity = RootPart.CFrame.lookVector*50
					head.RotVelocity = Vector3.new(10,0,0)
					chatfunc("Let that be a warning!")
					coroutine.wrap(function()
					swait(5)
					print("e") end)()
				       else
					end
				end
			end
		end
	end
	end
end

--[[FindNearestTorso = function(pos)
	local list = (game.workspace:GetDescendants())
	local torso = nil
	local dist = 1000
	local temp, human, temp2 = nil, nil, nil
	for x = 1, #list do
		temp2 = list[x]
		if temp2.className == "Model" and temp2.Name ~= chara.Name then
			temp = temp2:findFirstChild("Torso")
			human = temp2:FindFirstChildOfClass("Humanoid")
			if temp ~= nil and human ~= nil and human.Health > 0 and (temp.Position - pos).magnitude < dist then
				local dohit = true
				if dohit == true then
					torso = temp
					dist = (temp.Position - pos).magnitude
				end
			end
		end
	end
	return torso, dist
end]]


function FindNearestTorso(Position, Distance, SinglePlayer)
	if SinglePlayer then
		return (SinglePlayer.Head.CFrame.p - Position).magnitude < Distance
	end
	local List = {}
	for i, v in pairs(workspace:GetDescendants()) do
		if v:IsA("Model") then
			if v:findFirstChild("Head") then
				if v ~= chara then
					if (v.Head.Position - Position).magnitude <= Distance then
						table.insert(List, v)
					end 
				end 
			end 
		end 
	end
	return List
end


--Chat Function--
function chatfunc(text)
coroutine.wrap(function()
if chara:FindFirstChild("TalkingBillBoard")~= nil then
chara:FindFirstChild("TalkingBillBoard"):destroy()
end
local naeeym2 = Instance.new("BillboardGui",chara)
naeeym2.Size = UDim2.new(0,100,0,40)
naeeym2.StudsOffset = Vector3.new(0,3,0)
naeeym2.Adornee = chara.Head
naeeym2.Name = "TalkingBillBoard"
local tecks2 = Instance.new("TextLabel",naeeym2)
tecks2.BackgroundTransparency = 1
tecks2.BorderSizePixel = 0
tecks2.Text = ""
tecks2.Font = "Fantasy"
tecks2.FontSize = "Size24"
tecks2.TextStrokeTransparency = 0
tecks2.TextColor3 = Color3.new(1,1,1)
tecks2.TextStrokeColor3 = Color3.new(0,0,0)
tecks2.Size = UDim2.new(1,0,0.5,0)
for i = 1,string.len(text),1 do
tecks2.Text = string.sub(text,1,i)
swait()
end
swait(30)
for i = 1, 5 do
swait()
tecks2.Position = tecks2.Position - UDim2.new(0,0,.05,0)
tecks2.TextStrokeTransparency = tecks2.TextStrokeTransparency +.2
tecks2.TextTransparency = tecks2.TextTransparency + .2
end
naeeym2:Destroy()
end)()
end



EffectModel = Create("Model"){
	Parent = chara,
	Name = "Effects",
}


Effects = {
	Block = {
		Create = function(brickcolor, cframe, x1, y1, z1, x3, y3, z3, delay, Type)
			local prt = CFuncs.Part.Create(EffectModel, "Neon", 0, 0, brickcolor, "Effect", Vector3.new())
			prt.Anchored = true
			prt.CFrame = cframe
			local msh = CFuncs.Mesh.Create("BlockMesh", prt, "", "", Vector3.new(0, 0, 0), Vector3.new(x1, y1, z1))
			game:GetService("Debris"):AddItem(prt, 10)
			if Type == 1 or Type == nil then
				table.insert(Effects, {
					prt,
					"Block1",
					delay,
					x3,
					y3,
					z3,
					msh
				})
			elseif Type == 2 then
				table.insert(Effects, {
					prt,
					"Block2",
					delay,
					x3,
					y3,
					z3,
					msh
				})
			end
		end;
	};

		Cylinder = {
		Create = function(brickcolor, cframe, x1, y1, z1, x3, y3, z3, delay)
			local prt = CFuncs.Part.Create(EffectModel, "Neon", 0, 0, brickcolor, "Effect", Vector3.new())		
			prt.Anchored = true
			prt.CFrame = cframe
			local msh = CFuncs.Mesh.Create("CylinderMesh", prt, "", "", Vector3.new(0, 0, 0), Vector3.new(x1, y1, z1))
			game:GetService("Debris"):AddItem(prt, 10)
			table.insert(Effects, {
				prt,
				"Cylinder",
				delay,
				x3,
				y3,
				z3,
				msh
			})
		end;
	};
	Head = {
		Create = function(brickcolor, cframe, x1, y1, z1, x3, y3, z3, delay)
			local prt = CFuncs.Part.Create(EffectModel, "Neon", 0, 0, brickcolor, "Effect", Vector3.new())
			prt.Anchored = true
			prt.CFrame = cframe
			local msh = CFuncs.Mesh.Create("SpecialMesh", prt, "Head", "nil", Vector3.new(0, 0, 0), Vector3.new(x1, y1, z1))
			game:GetService("Debris"):AddItem(prt, 10)
			table.insert(Effects, {
				prt,
				"Cylinder",
				delay,
				x3,
				y3,
				z3,
				msh
			})
		end;
	};
	
	Sphere = {
		Create = function(brickcolor, cframe, x1, y1, z1, x3, y3, z3, delay)
			local prt = CFuncs.Part.Create(EffectModel, "Neon", 0, 0, brickcolor, "Effect", Vector3.new())
			prt.Anchored = true
			prt.CFrame = cframe
			local msh = CFuncs.Mesh.Create("SpecialMesh", prt, "Sphere", "", Vector3.new(0, 0, 0), Vector3.new(x1, y1, z1))
			game:GetService("Debris"):AddItem(prt, 10)
			table.insert(Effects, {
				prt,
				"Cylinder",
				delay,
				x3,
				y3,
				z3,
				msh
			})
		end;
	};
	
	Elect = {
		Create = function(cff, x, y, z)
			local prt = CFuncs.Part.Create(EffectModel, "Neon", 0, 0, BrickColor.new("Lime green"), "Part", Vector3.new(1, 1, 1))
			prt.Anchored = true
			prt.CFrame = cff * CFrame.new(math.random(-x, x), math.random(-y, y), math.random(-z, z))
			prt.CFrame = CFrame.new(prt.Position)
			game:GetService("Debris"):AddItem(prt, 2)
			local xval = math.random() / 2
			local yval = math.random() / 2
			local zval = math.random() / 2
			local msh = CFuncs.Mesh.Create("BlockMesh", prt, "", "", Vector3.new(0, 0, 0), Vector3.new(xval, yval, zval))
			table.insert(Effects, {
				prt,
				"Elec",
				0.1,
				x,
				y,
				z,
				xval,
				yval,
				zval
			})
		end;

	};
	
	Ring = {
		Create = function(brickcolor, cframe, x1, y1, z1, x3, y3, z3, delay)
			local prt = CFuncs.Part.Create(EffectModel, "SmoothPlastic", 0, 0, brickcolor, "Effect", Vector3.new())
			prt.Anchored = true
			prt.CFrame = cframe
			local msh = CFuncs.Mesh.Create("SpecialMesh", prt, "FileMesh", "rbxassetid://3270017", Vector3.new(0, 0, 0), Vector3.new(x1, y1, z1))
			game:GetService("Debris"):AddItem(prt, 10)
			table.insert(Effects, {
				prt,
				"Cylinder",
				delay,
				x3,
				y3,
				z3,
				msh
			})
		end;
	};


	Wave = {
		Create = function(brickcolor, cframe, x1, y1, z1, x3, y3, z3, delay)
			local prt = CFuncs.Part.Create(EffectModel, "SmoothPlastic", 0, 0, brickcolor, "Effect", Vector3.new())
			prt.Anchored = true
			prt.CFrame = cframe
			local msh = CFuncs.Mesh.Create("SpecialMesh", prt, "FileMesh", "rbxassetid://20329976", Vector3.new(0, 0, 0), Vector3.new(x1, y1, z1))
			game:GetService("Debris"):AddItem(prt, 10)
			table.insert(Effects, {
				prt,
				"Cylinder",
				delay,
				x3,
				y3,
				z3,
				msh
			})
		end;
	};

	Break = {
		Create = function(brickcolor, cframe, x1, y1, z1)
			local prt = CFuncs.Part.Create(EffectModel, "SmoothPlastic", 0, 0, brickcolor, "Effect", Vector3.new(0.5, 0.5, 0.5))
			prt.Anchored = true
			prt.CFrame = cframe * CFrame.fromEulerAnglesXYZ(math.random(-50, 50), math.random(-50, 50), math.random(-50, 50))
			local msh = CFuncs.Mesh.Create("SpecialMesh", prt, "Sphere", "", Vector3.new(0, 0, 0), Vector3.new(x1, y1, z1))
			local num = math.random(10, 50) / 1000
			game:GetService("Debris"):AddItem(prt, 10)
			table.insert(Effects, {
				prt,
				"Shatter",
				num,
				prt.CFrame,
				math.random() - math.random(),
				0,
				math.random(50, 100) / 100
			})
		end;
	};
	
	Fire = {
		Create = function(brickcolor, cframe, x1, y1, z1, delay)
			local prt = CFuncs.Part.Create(EffectModel, "Neon", 0, 0, brickcolor, "Effect", Vector3.new())
			prt.Anchored = true
			prt.CFrame = cframe
			msh = CFuncs.Mesh.Create("BlockMesh", prt, "", "", Vector3.new(0, 0, 0), Vector3.new(x1, y1, z1))
			game:GetService("Debris"):AddItem(prt, 10)
			table.insert(Effects, {
				prt,
				"Fire",
				delay,
				1,
				1,
				1,
				msh
			})
		end;
	};
	
	FireWave = {
		Create = function(brickcolor, cframe, x1, y1, z1)
			local prt = CFuncs.Part.Create(EffectModel, "Neon", 0, 1, brickcolor, "Effect", Vector3.new())
			prt.Anchored = true
			prt.CFrame = cframe
			msh = CFuncs.Mesh.Create("BlockMesh", prt, "", "", Vector3.new(0, 0, 0), Vector3.new(x1, y1, z1))
			local d = Create("Decal"){
				Parent = prt,
				Texture = "rbxassetid://26356434",
				Face = "Top",
			}
			local d = Create("Decal"){
				Parent = prt,
				Texture = "rbxassetid://26356434",
				Face = "Bottom",
			}
			game:GetService("Debris"):AddItem(prt, 10)
			table.insert(Effects, {
				prt,
				"FireWave",
				1,
				30,
				math.random(400, 600) / 100,
				msh
			})
		end;
	};
	
	Lightning = {
		Create = function(p0, p1, tym, ofs, col, th, tra, last)
			local magz = (p0 - p1).magnitude
			local curpos = p0
			local trz = {
				-ofs,
				ofs
			}
			for i = 1, tym do
				local li = CFuncs.Part.Create(EffectModel, "Neon", 0, tra or 0.4, col, "Ref", Vector3.new(th, th, magz / tym))
				local ofz = Vector3.new(trz[math.random(1, 2)], trz[math.random(1, 2)], trz[math.random(1, 2)])
				local trolpos = CFrame.new(curpos, p1) * CFrame.new(0, 0, magz / tym).p + ofz
				li.Material = "Neon"
				if tym == i then
					local magz2 = (curpos - p1).magnitude
					li.Size = Vector3.new(th, th, magz2)
					li.CFrame = CFrame.new(curpos, p1) * CFrame.new(0, 0, -magz2 / 2)
					table.insert(Effects, {
						li,
						"Disappear",
						last
					})
				else
					do
						do
							li.CFrame = CFrame.new(curpos, trolpos) * CFrame.new(0, 0, magz / tym / 2)
							curpos = li.CFrame * CFrame.new(0, 0, magz / tym / 2).p
							game.Debris:AddItem(li, 10)
							table.insert(Effects, {
								li,
								"Disappear",
								last
							})
						end
					end
				end
			end
		end
	};

	EffectTemplate = {

	};
}


function smek()
attack = true
bweld.Part0 = RightArm
bweld.C0 = CFrame.new(-.2,-2,.4)*CFrame.Angles(math.rad(90),0,math.rad(180))
Humanoid.WalkSpeed = 40
for i=0,1,.2 do
swait()
PlayAnimationFromTable({		
CFrame.new(0, 0, 0, 0.499998987, 0, -0.866025984, 0, 1, 0, 0.866025984, 0, 0.499998987),
CFrame.new(0, 1.49999714, 0, 0.499998987, 0, 0.866025984, 0, 1, 0, -0.866025984, 0, 0.499998987),
CFrame.new(1.6195364, 0.256343663, -3.60019794e-06, 0.939692736, -0.342020124, -8.94069672e-08, 0.342020154, 0.939692676, -4.35416268e-07, 2.08616257e-07, 3.87430191e-07, 1),
CFrame.new(-1.65980804, 0.323206544, 5.72385352e-06, 0.866025329, 0.500000238, -2.98023224e-07, -0.500000179, 0.866025388, -1.34623383e-06, -4.47034836e-07, 1.29640102e-06, 1.00000012),
CFrame.new(0.500001073, -2.00000095, -1.57952309e-06, 0.939692616, 0, -0.342020184, 0, 1, 0, 0.342020184, 0, 0.939692616),
CFrame.new(-0.499998212, -2.00000095, 1.49011612e-06, 0.766043544, 0, 0.642788708, 0, 1, 0, -0.642788708, 0, 0.766043544),
}, .3, false)
end
Humanoid.WalkSpeed = 2
tr1.Enabled = true
so(536642316,baton,1,1)
for i=0,1,.1 do
swait()
PlayAnimationFromTable({		
CFrame.new(-0.0116844922, 0, -0.381816059, 0.342019022, 0, 0.939693093, 0, 1, 0, -0.939693093, 0, 0.342018992),
CFrame.new(-0.0728889629, 1.49999714, 0.038963601, 0.342019022, 0, -0.939693093, 0, 1, 0, 0.939693093, 0, 0.342018992),
CFrame.new(1.06065702, 1.09677029, -0.161810428, 0.400286436, 0.242276207, 0.88378346, 0.734158754, -0.661962748, -0.151050553, 0.548435688, 0.709300876, -0.442843854),
CFrame.new(-1.59605861, 0.10887894, 1.11486224e-06, 0.984807909, 0.173648059, -2.23517418e-06, -0.173648059, 0.984807849, 3.82394944e-07, 2.29477882e-06, 1.86264515e-08, 1),
CFrame.new(0.685087919, -1.96527183, 0.0673596561, 0.92541647, -0.163175598, -0.342020869, 0.173647985, 0.984807849, 2.90093368e-07, 0.336824894, -0.0593915246, 0.939692438),
CFrame.new(-0.499999702, -2.00000095, 8.68737698e-06, 0.766045451, 0, 0.642786503, 0, 1, 0, -0.642786503, 0, 0.766045511),
}, .3, false)
end
swait(5)
bweld.Part0 = Torso
bweld.C0 = bdefc0
Humanoid.WalkSpeed = 16
tr1.Enabled = false
attack = false
end

function asmek()
attack = true
--local par
--coroutine.wrap(function()
--repeat swait() par = rayCast(RootPart.Position,Vector3.new(0,-1,0),3,chara) until par~=nil or Torso.Velocity.Y == 0
--tr2.Enabled = false
--attack = false
--end)()
--for i=0,1,.2 do
--swait()
--PlayAnimationFromTable({		
--CFrame.new(0, -0.0460019112, -0.0689063296, 1, 0, 0, 0, 0.984807849, 0.173647985, 0, -0.173647985, 0.984807849),
--CFrame.new(0, 1.52556431, -0.222140759, 1, 0, 0, 0, 0.939692676, 0.342020601, 0, -0.342020601, 0.939692676),
--CFrame.new(1.59158015, 0.575856388, 6.13234874e-07, 0.642787039, -0.766044974, -4.38231467e-07, 0.766045034, 0.642787039, 1.78813934e-07, 1.63912773e-07, -4.39584255e-07, 1.00000012),
--CFrame.new(-1.59158027, 0.575856209, 6.13234988e-07, 0.642787039, 0.766044974, 4.38231467e-07, -0.766045034, 0.642787039, 1.78813934e-07, -1.63912773e-07, -4.39584255e-07, 1.00000012),
--CFrame.new(0.499998927, -1.99999928, 3.81469772e-06, 1, 0, 0, 0, 1.00000012, 0, 0, 0, 1.00000012),
--CFrame.new(-0.5, -1.41182017, 0.232474089, 1, 0, 0, 0, 0.642786622, 0.766045392, 0, -0.766045392, 0.642786622),
--}, .3, false)
--end
tr2.Enabled = true
so(536642316,RightLeg,1,1)
for i=0,1.5,.1 do
swait()
PlayAnimationFromTable({		
CFrame.new(0, -0.11843279, 0.00109164417, 1, 0, 0, 0, 0.76604414, -0.642788053, 0, 0.642788053, 0.76604414)*CFrame.Angles(math.rad(-360*i),0,0),
CFrame.new(0, 1.36002374, -0.491580963, 1, 0, 0, 0, 0.642787457, 0.766044736, 0, -0.766044736, 0.642787457),
CFrame.new(1.59157825, 0.575854659, 4.30346518e-06, 0.64278698, -0.766045034, -1.0103544e-07, 0.766045094, 0.64278698, -5.36441803e-07, 5.06639481e-07, 2.98023224e-07, 1.00000012),
CFrame.new(-1.59158015, 0.575855613, 2.39611677e-06, 0.64278698, 0.766045034, 1.0103544e-07, -0.766045094, 0.64278698, -5.36441803e-07, -5.06639481e-07, 2.98023224e-07, 1.00000012),
CFrame.new(0.399999022, -1.92074621, -0.716740668, 1, 0, 0, 0, 0.766044736, -0.642787457, 0, 0.642787457, 0.766044736),
CFrame.new(-0.5, -1.41181993, 0.232477784, 1, 0, 0, 0, 0.642787457, 0.766044736, 0, -0.766044736, 0.642787457),
}, .3, false)
if i >= .4 then
mdmg(RightLeg,3.5,"Blunt")
end
end
tr2.Enabled = false
attack = false
end

local shots = 12
zhold = true
function shoot()
attack = true
so(169799883,gun,1,1)
for i=0,1,.1 do
swait()
PlayAnimationFromTable({		
CFrame.new(0.0524868444, 0, -0.0110093001, 0.64278698, 0, 0.766044974, 0, 1, 0, -0.766044974, 0, 0.64278698),
CFrame.new(-0.0421711877, 1.49999738, -0.0331315249, 0.852868021, -0.0612752885, -0.518518507, 0.17364794, 0.969846606, 0.171008661, 0.492404759, -0.235887513, 0.837791562),
CFrame.new(0.611007333, -0.00932076573, -0.639356554, 0.653100669, 0.696805716, -0.296515375, -0.748181939, 0.533255994, -0.394793421, -0.116975725, 0.479687244, 0.869607329),
CFrame.new(-1.29161143, -0.030067116, -0.0939707607, 0.98480773, -0.163176328, 0.0593894422, 0.173647985, 0.925416648, -0.336824149, 1.78813934e-06, 0.342019945, 0.939692736),
CFrame.new(0.499998003, -2.00000095, 3.84449959e-06, 0.64278698, 0, -0.766044974, 0, 1, 0, 0.766044974, 0, 0.64278698),
CFrame.new(-0.499998897, -2.00000095, 1.59442425e-06, 0.98480767, 0, 0.173648536, 0, 1, 0, -0.173648536, 0, 0.98480767),
}, .3, false)
end
Humanoid.WalkSpeed = 2
local ref = Instance.new("Part",chara)
ref.Size = Vector3.new(0,0,0)
ref.Anchored = true
ref.CanCollide = false
ref.Transparency = 1
gweld.Part0 = RightArm
gweld.C0 = CFrame.new(.1,-1.5,-.2)*CFrame.Angles(math.rad(180),math.rad(0),math.rad(-40))
for i=0,1,.1 do
swait()
PlayAnimationFromTable({		
CFrame.new(0, -0.0301527902, -0.171009317, 1, 0, 0, 0, 0.939692736, 0.342019886, 0, -0.342019916, 0.939692736),
CFrame.new(0.0984806046, 1.48289788, -0.00301507115, 0.984807849, 0.173648134, -3.13053391e-07, -0.171010122, 0.969846427, -0.173647895, -0.0301533248, 0.171009824, 0.984807849),
CFrame.new(0.9734447, 0.943128467, -1.04116416, 0.76604414, 0.642788053, 0, 0.219846308, -0.262002349, -0.939692736, -0.604023278, 0.719846129, -0.342019886),
CFrame.new(-0.516993761, 0.475136518, -0.924885869, 0, -0.499998987, 0.866025984, 0.939692736, -0.29619813, -0.171009615, 0.342019886, 0.813798308, 0.469845414),
CFrame.new(0.5, -1.72638702, -0.751741886, 1, 0, 0, 0, 0.939692736, -0.342019916, 0, 0.342019886, 0.939692736),
CFrame.new(-0.500000238, -1.99999905, 5.96046164e-08, 1, 0, 0, 0, 1, -2.98023224e-08, 0, -2.98023224e-08, 1),
}, .3, false)
end
swait(5)
repeat
so(470245800,gun,1,1)
ref.CFrame = Mouse.Hit
mdmg(ref,3,"Shot")
local hitpt = Instance.new("Part",EffectModel)
hitpt.Size = Vector3.new(0,0,.3)
local bf = Instance.new("BodyVelocity",hitpt)
bf.P = 10000
bf.MaxForce = Vector3.new(bf.P,bf.P,bf.P)
game:service'Debris':AddItem(bf,.1)
hitpt.CFrame = gun.CFrame * CFrame.new(0,-.5,.5) * CFrame.Angles(math.rad(90),0,0)
bf.Velocity = Vector3.new(0,5,0) + RootPart.CFrame.rightVector*10
local hitm = Instance.new("SpecialMesh",hitpt)
hitm.MeshId = "http://www.roblox.com/asset/?id=94295100"
hitm.TextureId = "http://www.roblox.com/asset/?id=94287792"
hitm.Scale = Vector3.new(3,3,3.5)
coroutine.wrap(function()
swait(120)
for i = 0,1.1 do
swait()
hitpt.Transparency = i
end

end)()
Effects.Block.Create(BrickColor.new("Bright yellow"), gun.CFrame*CFrame.new(0,.6,.3), 0,0,0,1,1,1, 0.05)
shots = shots - 1
for i=0,1,.2 do
swait()
PlayAnimationFromTable({		
CFrame.new(0, -0.0301530343, -0.171007201, 1, 0, 0, 0, 0.939692736, 0.342019886, 0, -0.342019916, 0.939692736),
CFrame.new(0.0984815434, 1.48289728, -0.00301322341, 0.984807849, 0.173648134, -3.13053391e-07, -0.171010122, 0.969846427, -0.173647895, -0.0301533248, 0.171009824, 0.984807849),
CFrame.new(0.973445654, 1.13885617, -0.660623372, 0.766044199, 0.642787933, 5.27496837e-08, 0.413175672, -0.492403269, -0.766045034, -0.492404401, 0.586824477, -0.64278698),
CFrame.new(-0.516991675, 0.65931946, -0.711421967, 0, -0.499999166, 0.866025925, 0.766044796, -0.556670487, -0.321393073, 0.642787218, 0.663414717, 0.383021772),
CFrame.new(0.499999523, -1.72638702, -0.751741886, 1, 0, 0, 0, 0.939692736, -0.342019916, 0, 0.342019886, 0.939692736),
CFrame.new(-0.500000954, -1.99999809, -1.84774399e-06, 1, 0, 0, 0, 1, -2.98023224e-08, 0, -2.98023224e-08, 1),
}, .3, false)
end
for i=0,1,.2 do
swait()
PlayAnimationFromTable({		
CFrame.new(0, -0.0301527902, -0.171009317, 1, 0, 0, 0, 0.939692736, 0.342019886, 0, -0.342019916, 0.939692736),
CFrame.new(0.0984806046, 1.48289788, -0.00301507115, 0.984807849, 0.173648134, -3.13053391e-07, -0.171010122, 0.969846427, -0.173647895, -0.0301533248, 0.171009824, 0.984807849),
CFrame.new(0.9734447, 0.943128467, -1.04116416, 0.76604414, 0.642788053, 0, 0.219846308, -0.262002349, -0.939692736, -0.604023278, 0.719846129, -0.342019886),
CFrame.new(-0.516993761, 0.475136518, -0.924885869, 0, -0.499998987, 0.866025984, 0.939692736, -0.29619813, -0.171009615, 0.342019886, 0.813798308, 0.469845414),
CFrame.new(0.5, -1.72638702, -0.751741886, 1, 0, 0, 0, 0.939692736, -0.342019916, 0, 0.342019886, 0.939692736),
CFrame.new(-0.500000238, -1.99999905, 5.96046164e-08, 1, 0, 0, 0, 1, -2.98023224e-08, 0, -2.98023224e-08, 1),
}, .3, false)
end
if shots == 0 then
so(147323220,gun,1,1)
for i=0,1.3,.1 do
swait()
PlayAnimationFromTable({		
CFrame.new(0, -0.0301530343, -0.171007201, 1, 0, 0, 0, 0.939692736, 0.342019886, 0, -0.342019916, 0.939692736),
CFrame.new(0.0984815434, 1.48289728, -0.00301322341, 0.984807849, 0.173648134, -3.13053391e-07, -0.171010122, 0.969846427, -0.173647895, -0.0301533248, 0.171009824, 0.984807849),
CFrame.new(0.973445654, 1.13885617, -0.660623372, 0.766044199, 0.642787933, 5.27496837e-08, 0.413175672, -0.492403269, -0.766045034, -0.492404401, 0.586824477, -0.64278698),
CFrame.new(-1.29161143, -0.030067116, -0.0939707607, 0.98480773, -0.163176328, 0.0593894422, 0.173647985, 0.925416648, -0.336824149, 1.78813934e-06, 0.342019945, 0.939692736),
CFrame.new(0.499999523, -1.72638702, -0.751741886, 1, 0, 0, 0, 0.939692736, -0.342019916, 0, 0.342019886, 0.939692736),
CFrame.new(-0.500000954, -1.99999809, -1.84774399e-06, 1, 0, 0, 0, 1, -2.98023224e-08, 0, -2.98023224e-08, 1),
}, .3, false)
end
local MagPartt = New("Part",chara,"MagPart",{BrickColor = BrickColor.new("Really black"),Material = Enum.Material.SmoothPlastic,FormFactor = Enum.FormFactor.Custom,Size = Vector3.new(0.200000033, 0.399999976, 1),CFrame = CFrame.new(-9.29999638, 0.700002313, -0.200002074, 1, 0, 0, 0, 0, 1, 0, -1, 0),CanCollide = false,BottomSurface = Enum.SurfaceType.Smooth,TopSurface = Enum.SurfaceType.Smooth,Color = Color3.new(0.0666667, 0.0666667, 0.0666667),})
MagPartt.CFrame = gun.CFrame * CFrame.new(0,-.5,-.5) * CFrame.Angles(0,0,0)
coroutine.wrap(function()
swait(5)
MagPartt.CanCollide = true
swait(120)
for i = 0,1.1 do
swait()
MagPartt.Transparency = i
end
MagPartt:Destroy()
end)()
swait(10)
local MagPart = New("Part",chara,"MagPart",{BrickColor = BrickColor.new("Really black"),Material = Enum.Material.SmoothPlastic,FormFactor = Enum.FormFactor.Custom,Size = Vector3.new(.2,.4,1),CFrame = CFrame.new(-9.29999638, 0.700002313, -0.200002074, 1, 0, 0, 0, 0, 1, 0, -1, 0),CanCollide = false,BottomSurface = Enum.SurfaceType.Smooth,TopSurface = Enum.SurfaceType.Smooth,Color = Color3.new(0.0666667, 0.0666667, 0.0666667),})
local Weld = New("ManualWeld",MagPart,"Weld",{Part0 = MagPart,Part1 = chara["Left Arm"],C0 = CFrame.new(0, 0, 0, 1, 0, 0, 0, 0, -1, 0, 1, 0)*CFrame.Angles(math.rad(90),math.rad(90),math.rad(0)),C1 = CFrame.new(0.200001717, -1.20000005, -0.200000286, 1, 0, 0, 0, 0, 1, 0, -1, 0),})
for i=0,1.4,.2 do
swait()
PlayAnimationFromTable({		
CFrame.new(0, -0.0301530343, -0.171007201, 1, 0, 0, 0, 0.939692736, 0.342019886, 0, -0.342019916, 0.939692736),
CFrame.new(0.0984815434, 1.48289728, -0.00301322341, 0.984807849, 0.173648134, -3.13053391e-07, -0.171010122, 0.969846427, -0.173647895, -0.0301533248, 0.171009824, 0.984807849),
CFrame.new(0.973445654, 1.13885617, -0.660623372, 0.766044199, 0.642787933, 5.27496837e-08, 0.413175672, -0.492403269, -0.766045034, -0.492404401, 0.586824477, -0.64278698),
CFrame.new(-0.516991675, 0.65931946, -0.711421967, 0, -0.499999166, 0.866025925, 0.766044796, -0.556670487, -0.321393073, 0.642787218, 0.663414717, 0.383021772),
CFrame.new(0.499999523, -1.72638702, -0.751741886, 1, 0, 0, 0, 0.939692736, -0.342019916, 0, 0.342019886, 0.939692736),
CFrame.new(-0.500000954, -1.99999809, -1.84774399e-06, 1, 0, 0, 0, 1, -2.98023224e-08, 0, -2.98023224e-08, 1),
}, .3, false)
end
MagPart:Destroy()
swait(5)
for i=0,1,.2 do
swait()
PlayAnimationFromTable({		
CFrame.new(0, -0.0301530343, -0.171007201, 1, 0, 0, 0, 0.939692736, 0.342019886, 0, -0.342019916, 0.939692736),
CFrame.new(0.0984815434, 1.48289728, -0.00301322341, 0.984807849, 0.173648134, -3.13053391e-07, -0.171010122, 0.969846427, -0.173647895, -0.0301533248, 0.171009824, 0.984807849),
CFrame.new(1.16020393, 0.666379213, -0.905047119, 0.76604414, 0.604023218, 0.219846413, 0.219846308, 0.0751920938, -0.972632408, -0.604023278, 0.793411791, -0.0751917362),
CFrame.new(-0.629211903, 0.930547178, -0.87133497, 0.262002915, -0.642787874, -0.71984607, -0.958213985, -0.262002975, -0.114805877, -0.114805937, 0.71984601, -0.684573948),
CFrame.new(0.499999523, -1.72638702, -0.751741886, 1, 0, 0, 0, 0.939692736, -0.342019916, 0, 0.342019886, 0.939692736),
CFrame.new(-0.500000954, -1.99999809, -1.84774399e-06, 1, 0, 0, 0, 1, -2.98023224e-08, 0, -2.98023224e-08, 1),
}, .3, false)
end
so(506273075,gun,1,1)
for i=0,1,.2 do
swait()
PlayAnimationFromTable({		
CFrame.new(0, -0.0301530343, -0.171007201, 1, 0, 0, 0, 0.939692736, 0.342019886, 0, -0.342019916, 0.939692736),
CFrame.new(0.0984815434, 1.48289728, -0.00301322341, 0.984807849, 0.173648134, -3.13053391e-07, -0.171010122, 0.969846427, -0.173647895, -0.0301533248, 0.171009824, 0.984807849),
CFrame.new(1.16020393, 0.666379213, -0.905047119, 0.76604414, 0.604023218, 0.219846413, 0.219846308, 0.0751920938, -0.972632408, -0.604023278, 0.793411791, -0.0751917362),
CFrame.new(-0.629361629, 0.793605626, -0.495871037, 0.262002915, -0.642787874, -0.71984607, -0.958213985, -0.262002975, -0.114805877, -0.114805937, 0.71984601, -0.684573948),
