if syn then
    local CoreGui = game:GetService("StarterGui")

CoreGui:SetCore("SendNotification", {
    Title = "Synapse X detected!";
    Text = "Synapse X has been detected! Running new reanimation with R15 support and R6 support. Please wait a few moments...";
    Duration = 5;
})
    loadstring(game:HttpGet("https://raw.githubusercontent.com/Tescalus/Pendulum-Hubs-Source/main/ReanimMain.lua"))()
    else
        local CoreGui = game:GetService("StarterGui")

CoreGui:SetCore("SendNotification", {
    Title = "Other executor detected!";
    Text = "Unfortunately, because you are not using Synapse X, you cannot use the new reanimation. You will only have R6 support with fling. You can buy Synapse X at https://x.synapse.to";
    Duration = 5;
})
        Bypass = "death"
loadstring(game:GetObjects("rbxassetid://5325226148")[1].Source)()
for i,v in next, game:GetService("Players").LocalPlayer.Character:GetDescendants() do
if v:IsA("BasePart") and v.Name ~="HumanoidRootPart" then 
game:GetService("RunService").Heartbeat:connect(function()
v.Velocity = Vector3.new(0,30,0)
wait(0.5)
end)
end
end
local p = game.Players.LocalPlayer
local char = p.Character
local mouse = p:GetMouse()
local larm = char["Left Arm"]
local rarm = char["Right Arm"]
local lleg = char["Left Leg"]
local rleg = char["Right Leg"]
local hed = char.Head
local torso = char.Torso
local hum = char.Humanoid
local cam = game.Workspace.CurrentCamera
local root = char.HumanoidRootPart
for i,v in pairs (char:GetChildren()) do
	if v:IsA("Accessory") then
		v.Handle.Massless = true
		v.Handle.CustomPhysicalProperties = PhysicalProperties.new(0,0,0,0,0)
	end
end
hed.Massless = true
hed.CustomPhysicalProperties = PhysicalProperties.new(0,0,0,0,0)
torso.Massless = true
torso.CustomPhysicalProperties = PhysicalProperties.new(0,0,0,0,0)
rarm.Massless = true
rarm.CustomPhysicalProperties = PhysicalProperties.new(0,0,0,0,0)
larm.Massless = true
larm.CustomPhysicalProperties = PhysicalProperties.new(0,0,0,0,0)
lleg.Massless = true
lleg.CustomPhysicalProperties = PhysicalProperties.new(0,0,0,0,0)
rleg.Massless = true
rleg.CustomPhysicalProperties = PhysicalProperties.new(0,0,0,0,0)
root.Massless = true
root.CustomPhysicalProperties = PhysicalProperties.new(0,0,0,0,0)
warn("Netless Activated!")
Bypass = "Death"
plr = game.Players.LocalPlayer
dead = false
char = plr.Character



bullet = workspace[plr.Name]["HumanoidRootPart"]
bullet.Transparency = 1
bhandle = bullet
bullet.Massless = true

mouse = plr:GetMouse()
head = char.Head
camera = workspace.CurrentCamera
lt = true
ltt = false

local function IsFirstPerson()
     return (head.CFrame.p - camera.CFrame.p).Magnitude < 1
end

     bbv = Instance.new("BodyPosition",bhandle)
     bbv.Position = char.Torso.CFrame.p
   
     
     
     mouse.Button1Down:Connect(function()
         if dead == false then
        lt = false
        ltt = false
     bbav = Instance.new("BodyAngularVelocity",bhandle)
     bbav.MaxTorque = Vector3.new(math.huge,math.huge,math.huge)
     bbav.P = 1000000000000000000000000000
     bbav.AngularVelocity = Vector3.new(10000000000000000000000000000000,100000000000000000000000000,100000000000000000)
     game:GetService("Debris"):AddItem(bbav,0.1)
        if game.Players:GetPlayerFromCharacter(mouse.Target.Parent) then
            if mouse.Target.Parent.Name == char.Name or mouse.Target.Parent.Name == "non" then return end
              --repeat 
            game:GetService("RunService").RenderStepped:Wait()
            bbv.Position = (CFrame.new(mouse.Target.Parent.HumanoidRootPart.CFrame.p,char.Torso.CFrame.p) * CFrame.new(0,0,0)).p
            bhandle.Position = (CFrame.new(mouse.Target.Parent.HumanoidRootPart.CFrame.p,char.Torso.CFrame.p) * CFrame.new(0,0,0)).p
            wait(1)
            --until char.Humanoid.Health == 100 or char.Humanoid.Health == 0
        elseif game.Players:GetPlayerFromCharacter(mouse.Target.Parent.Parent) then
            if mouse.Target.Parent.Name == char.Name or mouse.Target.Parent.Name == "non" then return end
            --repeat 
            game:GetService("RunService").RenderStepped:Wait()
            bbv.Position = (CFrame.new(mouse.Target.Parent.Parent.HumanoidRootPart.CFrame.p,char.Torso.CFrame.p) * CFrame.new(0,0,0)).p
            bhandle.Position = (CFrame.new(mouse.Target.Parent.Parent.HumanoidRootPart.CFrame.p,char.Torso.CFrame.p) * CFrame.new(0,0,0)).p
            wait(1)
            --until char.Humanoid.Health == 100 or char.Humanoid.Health == 0
            
            else
       -- repeat 
        game:GetService("RunService").RenderStepped:Wait()
        wait(1)
        --until char.Humanoid.Health == 100 or char.Humanoid.Health == 0
        end
        wait()
        lt = true
         end
         end)
         
    spawn(
        function()
            while true do
                game:GetService("RunService").Heartbeat:Wait()
                bullet.Velocity = Vector3.new(0,26,0)
         end
    end)

 plr:GetMouse().Button1Down:Connect(function()
attackingwithhrp = true	
end)

 
plr:GetMouse().Button1Up:Connect(function()
attackingwithhrp = false
end)

plr:GetMouse().Button1Down:Connect(function()
repeat wait() until attackingwithhrp == true
repeat
game:GetService("RunService").Heartbeat:Wait()
if plr:GetMouse().Target ~= nil then
bullet.Position = game:GetService("Players").LocalPlayer:GetMouse().Hit.p
end
until attackingwithhrp == false
end)
end
_G.loop = true
local player = game.Players.LocalPlayer
local char = player.Character
local Align = function(Part0, Part1,Mesh)
    local Aligns = {
        AlignOrientation = Instance.new("AlignOrientation", Part0),
        AlignPosition = Instance.new("AlignPosition", Part0)
    }
    
    local Attachments = {
        Attach0 = Instance.new("Attachment", Part0),
        Attach1 = Instance.new("Attachment", Part1)
    }
    local m = Part0:FindFirstChildOfClass('SpecialMesh')--This will get the first "SpecialMesh" it finds if it does not find any, then it will return nil
    if Mesh and m then --If Mesh is set to true and it finds a mesh it will destroy it
        m:Destroy()
    end
    Part0:BreakJoints()
    Aligns.AlignOrientation.Attachment0 = Attachments.Attach0
    Aligns.AlignOrientation.Attachment1 = Attachments.Attach1
    Aligns.AlignOrientation.Responsiveness = math.huge
    Aligns.AlignOrientation.RigidityEnabled = true
    
    Aligns.AlignPosition.Attachment0 = Attachments.Attach0
    Aligns.AlignPosition.Attachment1 = Attachments.Attach1
    Aligns.AlignPosition.Responsiveness = math.huge
    Aligns.AlignPosition.RigidityEnabled = true
        Aligns.AlignPosition.MaxForce = 999999999
        spawn(function()
            while _G.loop do 
                local mag = (Part0.Position - (Part1.CFrame*Attachments.Attach0.CFrame:Inverse()).p).magnitude--magnitude can get the distance between two cframe or position
                if mag >= 5 then 
                Part0.CFrame = Part1.CFrame*Attachments.Attach0.CFrame:Inverse()
                end
                Part0.Velocity = Vector3.new(0,35,0)
                game['Run Service'].Heartbeat:wait()
                end
        end)
 return {Attachments.Attach0, Attachments, Aligns}
        
end 
local hat = Align(char['MeshPartAccessory'].Handle,char['Right Arm'],false)
local cf = char['Right Arm'].CFrame*CFrame.new(0,-0.75,-2.5)*CFrame.Angles(math.rad(45),math.rad(-90),0)
hat[1].CFrame = cf:Inverse() * char['Right Arm'].CFrame
spawn(function()
    char.AncestryChanged:wait()--if you respawn, it will stop the  loop to avoid lag of using it over and over
    _G.loop = false 
end)
 -- FLING BELOW!

local p = game.Players.LocalPlayer
local char = game.Workspace.non
local mouse = p:GetMouse()
local larm = char["Left Arm"]
local rarm = char["Right Arm"]
local lleg = char["Left Leg"]
local rleg = char["Right Leg"]
local hed = char.Head
local torso = char.Torso
local hum = char.Humanoid
local cam = game.Workspace.CurrentCamera
local root = char.HumanoidRootPart
local deb = false
local CanAttack = true
local shot = 0
local animpose = "Idle"
local lastanimpose = "Idle"
local stanceToggle = "Normal"
local l = game:GetService("Lighting")
local rs = game:GetService("RunService").RenderStepped
math.randomseed(os.time())
hum.MaxHealth = 9001
hum.Health = 9001

for i,v in pairs (hed:GetChildren()) do
	if v:IsA("Sound") then
		v:Destroy()
	end
end
--game:service'InsertService':LoadAsset(16469427):children()[1].Parent = char
--char.Reaper.Handle.Mesh.TextureId = "http://www.roblox.com/asset/?id=176349813"

----------------------------------------------------
--[[Additional Variables]]





local lightspeed = math.random(0.1,0.2)
local holy = false -- Is in holy/angel of death form?
local eColors = {"Lime green", "Really black"}
local idz = {"161006212", "161006195"}
local Effects={}


    hs = Instance.new("Sound",torso)
    hs.SoundId = "http://www.roblox.com/asset/?id=149560784"
    hs.Pitch = 1.2
    hs.Volume = 0.6
	hs.Looped = true

    ds = Instance.new("Sound",torso)
    ds.SoundId = "http://roblox.com/asset/?id=149560784"
    ds.Pitch = 0.3
    ds.Volume = 0.4
	ds.Looped = true

  
ds:play()


if holy == false then
eColors = {"Lime green", "Really black"}
else if holy == true then
eColors = {"Lime green"} 
end
end





----------------------------------------------------
--[[Additional Functions]]

	cf=CFrame.new
	vt=Vector3.new

	function swait(num)
    if num==0 or num==nil then
    game:service'RunService'.Stepped:wait(0)
    else
    for i=0,num do
    game:service'RunService'.Stepped:wait(0)
    end
    end
	end

so = function(id,par,vol,pit) 
coroutine.resume(coroutine.create(function()
local sou = Instance.new("Sound",par or workspace)
sou.Volume=vol
sou.Pitch=pit or 1
sou.SoundId=id
swait() 
sou:play() 
game:GetService("Debris"):AddItem(sou,6)
end))
end





----------------------------------------------------
Debounces = {
CanAttack = true;
CanJoke = true;
NoIdl = false;
Slashing = false;
Slashed = false;
Slapping = false;
Slapped = false;
ks = false;
}

local Touche = {char.Name, }
----------------------------------------------------
function HasntTouched(plrname)
local ret = true
for _, v in pairs(Touche) do
if v == plrname then
ret = false
end
end
return ret
end
----------------------------------------------------
function weld5(part0, part1, c0, c1)
    weeld=Instance.new("Weld", part0)
    weeld.Part0=part0
    weeld.Part1=part1
    weeld.C0=c0
    weeld.C1=c1
    return weeld
end
----------------------------------------------------
mod=Instance.new('Model',char)

function Burst()
    part=Instance.new('Part',mod)
    part.Anchored=true
    part.CanCollide=false
    part.FormFactor='Custom'
    part.Size=Vector3.new(.2,.2,.2)
    part.CFrame=root.CFrame*CFrame.new(0,1,0)*CFrame.Angles(math.rad(90),0,0)
    part.Transparency=.7

if holy ~= true then
    part.BrickColor=BrickColor.new('Really black')
else
	part.BrickColor=BrickColor.new('Lime green')
end

    mesh=Instance.new('SpecialMesh',part)
    mesh.MeshId='http://www.roblox.com/asset/?id=20329976'
    mesh.Scale=Vector3.new(10,5,10)
    part2=part:clone()
    part2.Parent=mod

if holy ~= true then
    part2.BrickColor=BrickColor.new('Lime green')
else
	part2.BrickColor=BrickColor.new('Lime green')
end

    mesh2=mesh:clone()
    mesh2.Parent=part2
    mesh2.Scale=Vector3.new(5,2.5,5)
    coroutine.resume(coroutine.create(function() 
        for i=0,1,0.1 do
            wait()
            part.CFrame=part.CFrame
            part.Transparency=i
            mesh.Scale=mesh.Scale+Vector3.new(1,1,1)
            part2.CFrame=part2.CFrame
            part2.Transparency=i
            mesh2.Scale=mesh2.Scale+Vector3.new(1,1,1)
            end
        part.Parent=nil
        part2.Parent=nil
    end))
end
----------------------------------------------------
mod4 = Instance.new("Model",char)

ptez = {0.7, 0.8, 0.9, 1}

function FindNearestTorso(Position,Distance,SinglePlayer)
    if SinglePlayer then return(SinglePlayer.Torso.CFrame.p -Position).magnitude < Distance end
        local List = {}
        for i,v in pairs(workspace:GetChildren())do
            if v:IsA("Model")then
                if v:findFirstChild("Torso")then
                    if v ~= char then
                        if(v.Torso.Position -Position).magnitude <= Distance then
                            table.insert(List,v)
                        end 
                    end 
                end 
            end 
        end
    return List
end

function Slam()
    part=Instance.new('Part',mod4)
    part.Anchored=true
    part.CanCollide=false
    part.FormFactor='Custom'
    part.Size=Vector3.new(.2,.2,.2)
    part.CFrame=root.CFrame*CFrame.new(0,-2.8,-1.4)*CFrame.Angles(math.rad(90),0,0)
    part.Transparency=.7

if holy ~= true then
    part.BrickColor=BrickColor.new('Really black')
else
    part.BrickColor=BrickColor.new('Lime green')
end
	
    mesh=Instance.new('SpecialMesh',part)
    mesh.MeshId='http://www.roblox.com/asset/?id=3270017'
    mesh.Scale=Vector3.new(3,3,3)
    part2=Instance.new('Part',mod4)
    part2.Anchored=true
    part2.CanCollide=false
    part2.FormFactor='Custom'
    part2.Size=Vector3.new(.2,.2,.2)
    part2.CFrame=root.CFrame*CFrame.new(0,-2.4,-1.6)
    part2.Transparency=.7

if holy ~= true then
    part2.BrickColor=BrickColor.new('Lime green')
else
    part2.BrickColor=BrickColor.new('Lime green')
end

    mesh2=Instance.new('SpecialMesh',part2)
    mesh2.MeshId='http://www.roblox.com/asset/?id=20329976'
    mesh2.Scale=Vector3.new(3,1.5,3)
    x = Instance.new("Sound",char)
    x.SoundId = "http://www.roblox.com/asset/?id=142070127"
    x.Pitch = ptez[math.random(1,#ptez)]
    x.Volume = 1
    wait(.1)
    x1 = Instance.new("Sound",char)
    x1.SoundId = "http://www.roblox.com/asset/?id=206082327"
    x1.Pitch = ptez[math.random(1,#ptez)]
    x1.Volume = 1
    wait(.1)
	x:Play()
    x1:Play()
    for i,v in pairs(FindNearestTorso(torso.CFrame.p,4))do
        if v:FindFirstChild('Humanoid') then
            v.Humanoid:TakeDamage(math.random(0,0))
        end
    end
    coroutine.resume(coroutine.create(function() 
        for i=0,0.62,0.13 do
            wait()
            part.CFrame=part.CFrame
            part.Transparency=i
            mesh.Scale=mesh.Scale+Vector3.new(0.4,0.4,0.4)
            part2.CFrame=part2.CFrame
            part2.Transparency=i
            mesh2.Scale=mesh2.Scale+Vector3.new(0.4,0.2,0.4)
            end
        part.Parent=nil
        part2.Parent=nil
        x:Destroy()
    end))
end
----------------------------------------------------PUNCH FUNC
function Punch()
    part=Instance.new('Part',mod4)
    part.Anchored=true
    part.CanCollide=false
    part.FormFactor='Custom'
    part.Size=Vector3.new(.2,.2,.2)
    part.CFrame=root.CFrame*CFrame.new(0,1.5,-2.4)*CFrame.Angles(math.rad(0),0,0)
    part.Transparency=.7

    part.BrickColor=BrickColor.new('Really black')
    mesh=Instance.new('SpecialMesh',part)
    mesh.MeshId='http://www.roblox.com/asset/?id=3270017'
    mesh.Scale=Vector3.new(3,3,3)
    part2=Instance.new('Part',mod4)
    part2.Anchored=true
    part2.CanCollide=false

    part2.FormFactor='Custom'
    part2.Size=Vector3.new(.2,.2,.2)
    part2.CFrame=root.CFrame*CFrame.new(0,1.5,-2.4)*CFrame.Angles(math.rad(90),0,0)
    part2.Transparency=.7
    part2.BrickColor=BrickColor.new('Lime green')
    mesh2=Instance.new('SpecialMesh',part2)
    mesh2.MeshId='http://www.roblox.com/asset/?id=20329976'
    mesh2.Scale=Vector3.new(3,1.5,3)
    for i,v in pairs(FindNearestTorso(torso.CFrame.p,4))do
        if v:FindFirstChild('Humanoid') then
            v.Humanoid:TakeDamage(math.random(0,0))
        end
    end
    coroutine.resume(coroutine.create(function()
        for i=0,0.62,0.4 do
            wait()
            part.CFrame=part.CFrame
            part.Transparency=i
            mesh.Scale=mesh.Scale+Vector3.new(0.4,0.4,0.4)
            part2.CFrame=part2.CFrame
            part2.Transparency=i
            mesh2.Scale=mesh2.Scale+Vector3.new(0.4,0.2,0.4)
            end
        part.Parent=nil
        part2.Parent=nil
    end))
end
----------------------------------------------------
GroundWave = function()
	local HandCF = CFrame.new(root.Position - Vector3.new(0,3,0)) * CFrame.Angles(math.rad(90), math.rad(0), math.rad(0))
	local Colors = {"Lime green", "Really black"} 
		local wave = Instance.new("Part", torso)
		
		if holy == false then
		wave.BrickColor = BrickColor.new(Colors[math.random(1,#Colors)])	
		else
		wave.BrickColor = BrickColor.new("Lime green")		
		end
		
		wave.Anchored = true
		wave.CanCollide = false
		wave.Material = "Neon"
		wave.Locked = true
		wave.Size = Vector3.new(1, 1, 1)
		wave.TopSurface = "Smooth"
		wave.BottomSurface = "Smooth"
		wave.Transparency = 0.35
		wave.CFrame = HandCF
		wm = Instance.new("SpecialMesh", wave)
		wm.MeshId = "rbxassetid://3270017"
		coroutine.wrap(function()
		for i = 1, 14, 1 do
		wm.Scale = Vector3.new(1 + i*1.1, 1 + i*1.1, 1)
		wave.Size = wm.Scale
		wave.CFrame = HandCF
		wave.Transparency = i/14
		wait()
		end
		wait()
		wave:Destroy()
	end)()
end
----------------------------------------------------
Magik = function()
	Spawn(function()
		local function lerp(a,b,c)
			return a+(b-a)*c	
		end
		local function rndRange(rng)
			return math.random(-rng*1000,rng*1000)/1000	
		end
		local magik = Instance.new("Part", larm)
		local Colors = {"Lime green", "Really black"}
		magik.Anchored = true
		magik.Locked = true
		magik.Material = "Neon"
		magik.FormFactor = "Custom"
		magik.Size = Vector3.new(1.2, 1.2, 1.2)
		magik.TopSurface = "Smooth"
		magik.BottomSurface = "Smooth"
		magik.Transparency = 0
		magik.CanCollide = false
		
		if holy == false then
		magik.BrickColor = BrickColor.new(Colors[math.random(1,#Colors)])
		else
		magik.BrickColor = BrickColor.new("Lime green")
		end
		
		local mr = math.rad
		local rnx,rny,rnz = mr(rndRange(180)),mr(rndRange(180)),mr(rndRange(180))
		local cf = larm.CFrame * CFrame.new(0, -.8, 0) * CFrame.Angles(rnx,rny,rnz)
		magik.CFrame = cf
		for i = 0, 1, .05 do
			local newTrans = lerp(0.5, 1, i)
			local ns = lerp(1,1.2,i)
			magik.Transparency = newTrans
			magik.Size = Vector3.new(ns,ns,ns)
			magik.CFrame = cf
			rs:wait()
	    end
		magik:Destroy()
		wait()
    end)
end
----------------------------------------------------
Magik2 = function()
	Spawn(function()
		if stanceToggle == "Melee" then
		local function lerp(a,b,c)
			return a+(b-a)*c	
		end
		local function rndRange(rng)
			return math.random(-rng*1000,rng*1000)/1000	
		end
		local magik2 = Instance.new("Part", rarm)
		local Colors = {"Lime green", "Really black"}
		magik2.Anchored = true
		magik2.Locked = true
		magik2.FormFactor = "Custom"
		magik2.Size = Vector3.new(1.2, 1.2, 1.2)
		magik2.TopSurface = "Smooth"
		magik2.BottomSurface = "Smooth"
		magik2.Transparency = 0
		magik2.Material = "Neon"
		magik2.CanCollide = false
		
		if holy == false then
		magik2.BrickColor = BrickColor.new(Colors[math.random(1,#Colors)])
		else
		magik2.BrickColor = BrickColor.new("Lime green")
		end
		
		local mr = math.rad
		local rnx,rny,rnz = mr(rndRange(180)),mr(rndRange(180)),mr(rndRange(180))
		local cf = rarm.CFrame * CFrame.new(0, -.8, 0) * CFrame.Angles(rnx,rny,rnz)
		magik2.CFrame = cf
		for i = 0, 1, .05 do
			local newTrans = lerp(0.5, 1, i)
			local ns = lerp(1,1.2,i)
			magik2.Transparency = newTrans
			magik2.Size = Vector3.new(ns,ns,ns)
			magik2.CFrame = cf
			rs:wait()
	    end
		magik2:Destroy()
		elseif stanceToggle ~= "Melee" then
		wait()
		end
    end)
end
----------------------------------------------------
function lerp(a, b, t) -- Linear interpolation
	return a + (b - a)*t
end
 
function slerp(a, b, t) --Spherical interpolation
	dot = a:Dot(b)
	if dot > 0.99999 or dot < -0.99999 then
		return t <= 0.5 and a or b
	else
		r = math.acos(dot)
		return (a*math.sin((1 - t)*r) + b*math.sin(t*r)) / math.sin(r)
	end
end
 
function matrixInterpolate(a, b, t)
	local ax, ay, az, a00, a01, a02, a10, a11, a12, a20, a21, a22 = a:components()
	local bx, by, bz, b00, b01, b02, b10, b11, b12, b20, b21, b22 = b:components()
	local v0 = lerp(Vector3.new(ax, ay, az), Vector3.new(bx , by , bz), t) -- Position
	local v1 = slerp(Vector3.new(a00, a01, a02), Vector3.new(b00, b01, b02), t) -- Vector  right
	local v2 = slerp(Vector3.new(a10, a11, a12), Vector3.new(b10, b11, b12), t) -- Vector  up
	local v3 = slerp(Vector3.new(a20, a21, a22), Vector3.new(b20, b21, b22), t) -- Vector  back
	local t = v1:Dot(v2)
	if not (t < 0 or t == 0 or t > 0) then 	-- Failsafe
		return CFrame.new()
	end
	return CFrame.new(
	v0.x, v0.y, v0.z,
	v1.x, v1.y, v1.z,
	v2.x, v2.y, v2.z,
	v3.x, v3.y, v3.z)
end
----------------------------------------------------
function genWeld(a,b)
    local w = Instance.new("Weld",a)
    w.Part0 = a
    w.Part1 = b
    return w
end
function weld(a, b)
    local weld = Instance.new("Weld")
    weld.Name = "W"
    weld.Part0 = a
    weld.Part1 = b
    weld.C0 = a.CFrame:inverse() * b.CFrame
    weld.Parent = a
    return weld;
end
----------------------------------------------------
function Lerp(c1,c2,al)
local com1 = {c1.X,c1.Y,c1.Z,c1:toEulerAnglesXYZ()}
local com2 = {c2.X,c2.Y,c2.Z,c2:toEulerAnglesXYZ()}
for i,v in pairs(com1) do 
com1[i] = v+(com2[i]-v)*al
end
return CFrame.new(com1[1],com1[2],com1[3]) * CFrame.Angles(select(4,unpack(com1)))
end
----------------------------------------------------[[Dissolve function]]
function Dissolve(ret)
	
	ret.BrickColor = BrickColor.new("Really black")
	for i = 1, 10 do wait()
		for i,v in pairs(ret:GetChildren()) do
			if v:IsA("Part") or v:IsA("WedgePart") then
					v.Transparency = v.Transparency + 0.1

			end
		end
	end
	ret:Destroy()
end

----------------------------------------------------
newWeld = function(wp0, wp1, wc0x, wc0y, wc0z)
local wld = Instance.new("Weld", wp1)
wld.Part0 = wp0
wld.Part1 = wp1
wld.C0 = CFrame.new(wc0x, wc0y, wc0z)
end
----------------------------------------------------
newWeld(torso, larm, -1.5, 0.5, 0)
larm.Weld.C1 = CFrame.new(0, 0.5, 0)
newWeld(torso, rarm, 1.5, 0.5, 0)
rarm.Weld.C1 = CFrame.new(0, 0.5, 0)
newWeld(torso, hed, 0, 1.5, 0)
newWeld(torso, lleg, -0.5, -1, 0)
lleg.Weld.C1 = CFrame.new(0, 1, 0)
newWeld(torso, rleg, 0.5, -1, 0)
rleg.Weld.C1 = CFrame.new(0, 1, 0)
newWeld(root, torso, 0, -1, 0)
torso.Weld.C1 = CFrame.new(0, -1, 0)
----------------------------------------------------
--local SIDz = {"167985102, 163752916"}--181449739, 167161785, 148274436, 167985102, 163752916
z = Instance.new("Sound",char) --music
z.SoundId = "rbxassetid://0"--..SIDz[math.random(1,#SIDz)]
z.Looped = true
z.Volume = 1
z.Pitch = .72
wait(1)
z:Play()
hum.WalkSpeed = 10





--[[partic = Instance.new("ParticleEmitter",hed)
partic.Color = ColorSequence.new(Color3.new(15/225,0,225/45),Color3.new(20/255,0,205/255))
partic.LightEmission = .95
partic.VelocityInheritance = 0
partic.Rate = 300
partic.Texture = "rbxassetid:// 241650934" --56561915392079955
partic.Lifetime = NumberRange.new(0.1,0.2)
partic.RotSpeed = NumberRange.new(100,100)
partic.Speed = NumberRange.new(2,6)
partic.Enabled = true
partic.LockedToPart = true]]

--Nah

----------------------------------------------------

----------------------------------------------------
local m = Instance.new("Model")
m.Name = "Genkadda"
p1 = Instance.new("Part", m)
p1.Material = "Metal"
p1.BrickColor = BrickColor.new("Really black")
p1.Name = "BladePart"
p1.FormFactor = Enum.FormFactor.Symmetric
p1.Size = Vector3.new(1, 1, 1)
p1.CFrame = CFrame.new(103.003883, 10.755723, -7.61905956, 5.61699271e-005, -7.1823597e-006, 0.999998987, -0.984785616, -0.173714966, 3.55839729e-005, 0.173720747, -0.984761655, 5.9530139e-006)
p1.CanCollide = false
p1.Locked = true
p1.Elasticity = 0
p1.BottomSurface = Enum.SurfaceType.Smooth
p1.TopSurface = Enum.SurfaceType.Smooth
b1 = Instance.new("BlockMesh", p1)
b1.Name = "Mesh"
b1.Scale = Vector3.new(0.299999923, 1, 0.120000005)
p2 = Instance.new("Part", m)
p2.Material = "Metal"
p2.BrickColor = BrickColor.new("Really black")
p2.FormFactor = Enum.FormFactor.Symmetric
p2.Size = Vector3.new(1, 1, 1)
p2.CFrame = CFrame.new(103.00399, 10.7255898, -6.52608919, 0.00135809346, 0.00169118668, -0.999996662, 0.965820193, 0.259168088, 0.0017684648, 0.259154975, -0.965800881, -0.00130418094)
p2.CanCollide = false
p2.Locked = true
p2.Elasticity = 0
p2.BottomSurface = Enum.SurfaceType.Smooth
p2.TopSurface = Enum.SurfaceType.Smooth
b2 = Instance.new("BlockMesh", p2)
b2.Name = "Mesh"
b2.Scale = Vector3.new(0.099999927, 0.699999928, 0.099999927)
p3 = Instance.new("Part", m)
p3.Material = "Metal"
p3.BrickColor = BrickColor.new("Really black")
p3.FormFactor = Enum.FormFactor.Symmetric
p3.Size = Vector3.new(1, 2, 1)
p3.CFrame = CFrame.new(103.004028, 11.1456547, -6.819067, 1.43263023e-005, -2.88564479e-006, 0.999998987, -0.882936299, -0.469471544, -7.18829688e-006, 0.469469696, -0.882911503, 1.35099981e-005)
p3.CanCollide = false
p3.Locked = true
p3.Elasticity = 0
p3.BottomSurface = Enum.SurfaceType.Smooth
p3.TopSurface = Enum.SurfaceType.Smooth
b3 = Instance.new("BlockMesh", p3)
b3.Name = "Mesh"
b3.Scale = Vector3.new(0.099999927, 0.699999928, 0.099999927)
p4 = Instance.new("Part", m)
p4.Material = "Metal"
p4.BrickColor = BrickColor.new("Really black")
p4.Name = "BladePart"
p4.FormFactor = Enum.FormFactor.Symmetric
p4.Size = Vector3.new(1, 1, 1)
p4.CFrame = CFrame.new(103.003372, 10.965373, -6.66876507, 1.57370523e-005, -6.04354591e-006, 0.999996603, -0.965898931, -0.25886938, -7.14969246e-006, 0.258875549, -0.965874314, 1.58735529e-005)
p4.CanCollide = false
p4.Locked = true
p4.Elasticity = 0
p4.BottomSurface = Enum.SurfaceType.Smooth
p4.TopSurface = Enum.SurfaceType.Smooth
b4 = Instance.new("BlockMesh", p4)
b4.Name = "Mesh"
b4.Scale = Vector3.new(0.299999923, 1, 0.120000005)
p5 = Instance.new("Part", m)
p5.Material = "Metal"
p5.BrickColor = BrickColor.new("Really black")
p5.Name = "Hilt"
p5.FormFactor = Enum.FormFactor.Custom
p5.Size = Vector3.new(1, 0.400000006, 1.60000014)
p5.CFrame = CFrame.new(103.003395, 11.0653381, -6.1687479, -0.99999404, 5.54991711e-005, -0.000617815298, -0.000594727404, -0.000124425016, 0.999983907, 2.66434654e-005, 0.999962509, 0.000109782166)
p5.CanCollide = false
p5.Locked = true
p5.BottomSurface = Enum.SurfaceType.Smooth
p5.TopSurface = Enum.SurfaceType.Smooth
b5 = Instance.new("BlockMesh", p5)
b5.Name = "Mesh"
b5.Scale = Vector3.new(0.299999923, 0.399999917, 0.799999952)
p6 = Instance.new("Part", m)
p6.Material = "Metal"
p6.BrickColor = BrickColor.new("Really black")
p6.Name = "Handle"
p6.FormFactor = Enum.FormFactor.Custom
p6.Size = Vector3.new(1.29999995, 1, 1)
p6.CFrame = CFrame.new(103.000061, 11.0688219, -5.5480547, -1.23393656e-005, -1.36360759e-005, 0.999994218, 5.37017331e-006, 0.999984086, -9.45257489e-006, -0.999962509, -9.28580994e-006, 1.64470257e-005)
p6.CanCollide = false
p6.Locked = true
p6.BottomSurface = Enum.SurfaceType.Smooth
p6.TopSurface = Enum.SurfaceType.Smooth
b6 = Instance.new("SpecialMesh", p6)
b6.MeshType = Enum.MeshType.Cylinder
b6.Name = "Mesh"
b6.Scale = Vector3.new(1, 0.200000003, 0.200000003)
p7 = Instance.new("Part", m)
p7.Material = "Metal"
p7.BrickColor = BrickColor.new("Really black")
p7.FormFactor = Enum.FormFactor.Symmetric
p7.Size = Vector3.new(1, 1, 1)
p7.CFrame = CFrame.new(103.000099, 11.0688391, -4.79808855, -0.000332629686, 0.00429873355, -0.99998492, -4.5920292e-006, 0.999974728, 0.00432178052, 0.999962449, -8.49941443e-006, -0.000361445156)
p7.CanCollide = false
p7.Locked = true
b7 = Instance.new("SpecialMesh", p7)
b7.MeshId = "http://www.roblox.com/Asset/?id=9756362"
b7.TextureId = ""
b7.MeshType = Enum.MeshType.FileMesh
b7.Name = "Mesh"
b7.Scale = Vector3.new(0.400000006, 0.400000006, 0.400000006)
p8 = Instance.new("Part", m)
p8.Material = "Metal"
p8.BrickColor = BrickColor.new("Really black")
p8.Name = "BladePart"
p8.FormFactor = Enum.FormFactor.Symmetric
p8.Size = Vector3.new(1, 1, 1)
p8.CFrame = CFrame.new(103.003326, 10.6254845, -8.59870911, -2.92104669e-005, -1.10579058e-005, 0.999994218, -0.996175766, -0.0871899351, -5.3152442e-005, 0.0872026458, -0.996152997, 2.03179661e-005)
p8.CanCollide = false
p8.Locked = true
p8.Elasticity = 0
p8.BottomSurface = Enum.SurfaceType.Smooth
p8.TopSurface = Enum.SurfaceType.Smooth
b8 = Instance.new("BlockMesh", p8)
b8.Name = "Mesh"
b8.Scale = Vector3.new(0.299999923, 1, 0.120000005)
p9 = Instance.new("Part", m)
p9.Material = "Metal"
p9.BrickColor = BrickColor.new("Really black")
p9.Name = "BladePart"
p9.FormFactor = Enum.FormFactor.Symmetric
p9.Size = Vector3.new(1, 1, 1)
p9.CFrame = CFrame.new(103.003311, 10.625597, -9.51878738, -2.59891603e-005, -1.34348729e-005, 0.999994218, -0.996185422, 0.087079078, -4.78096408e-005, -0.0870626047, -0.996165276, 1.31400229e-005)
p9.CanCollide = false
p9.Locked = true
p9.Elasticity = 0
p9.BottomSurface = Enum.SurfaceType.Smooth
p9.TopSurface = Enum.SurfaceType.Smooth
b9 = Instance.new("BlockMesh", p9)
b9.Name = "Mesh"
b9.Scale = Vector3.new(0.299999923, 1, 0.120000005)
p10 = Instance.new("Part", m)
p10.Material = "Metal"
p10.BrickColor = BrickColor.new("Really black")
p10.Name = "BladeTip"
p10.FormFactor = Enum.FormFactor.Symmetric
p10.Size = Vector3.new(1, 1, 2)
p10.CFrame = CFrame.new(103.00309, 11.1081867, -11.6109829, -0.999994099, -0.000455793255, 4.643387e-005, 0.00045133481, -0.965918779, -0.25878337, 0.000134008093, -0.258763671, 0.965901971)
p10.CanCollide = false
p10.Locked = true
p10.Elasticity = 0
p10.BottomSurface = Enum.SurfaceType.Smooth
p10.TopSurface = Enum.SurfaceType.Smooth
b10 = Instance.new("SpecialMesh", p10)
b10.MeshType = Enum.MeshType.Wedge
b10.Name = "Mesh"
b10.Scale = Vector3.new(0.119999997, 0.299999923, 0.699999928)
p11 = Instance.new("Part", m)
p11.Material = "Metal"
p11.BrickColor = BrickColor.new("Really black")
p11.Name = "BladePart"
p11.FormFactor = Enum.FormFactor.Symmetric
p11.Size = Vector3.new(1, 1, 1)
p11.CFrame = CFrame.new(103.003296, 10.7956495, -10.4587727, 2.83485351e-005, -1.54050977e-005, 0.999994218, -0.96592474, 0.258761972, 8.27970416e-006, -0.258742362, -0.965907693, 2.1241216e-005)
p11.CanCollide = false
p11.Locked = true
p11.Elasticity = 0
p11.BottomSurface = Enum.SurfaceType.Smooth
p11.TopSurface = Enum.SurfaceType.Smooth
b11 = Instance.new("BlockMesh", p11)
b11.Name = "Mesh"
b11.Scale = Vector3.new(0.299999923, 1, 0.120000005)
p12 = Instance.new("Part", m)
p12.Material = "Metal"
p12.BrickColor = BrickColor.new("Really black")
p12.Name = "BladeTip2"
p12.FormFactor = Enum.FormFactor.Custom
p12.Size = Vector3.new(1, 1, 2.4000001)
p12.CFrame = CFrame.new(102.999977, 10.6319504, -10.4398403, -0.999994218, -5.5769262e-005, 6.55075928e-005, 4.61044419e-006, 0.882887006, 0.469551951, -0.000112806956, 0.469529003, -0.882874727)
p12.CanCollide = false
p12.Locked = true
p12.Elasticity = 0
p12.BottomSurface = Enum.SurfaceType.Smooth
p12.TopSurface = Enum.SurfaceType.Smooth
b12 = Instance.new("SpecialMesh", p12)
b12.MeshType = Enum.MeshType.Wedge
b12.Name = "Mesh"
b12.Scale = Vector3.new(0.119999997, 0.239999995, 0.699999928)
p13 = Instance.new("Part", m)
p13.Material = "Metal"
p13.BrickColor = BrickColor.new("Medium stone grey")
p13.Transparency = 1
p13.Name = "HitBox"
p13.FormFactor = Enum.FormFactor.Custom
p13.Size = Vector3.new(6.0999999, 0.400000006, 1.5999999)
p13.CFrame = CFrame.new(103.009995, 10.9988394, -9.2679081, 1.22519814e-005, -0.999994218, 1.36361559e-005, -5.27501106e-006, 9.45320426e-006, -0.999984264, 0.999962687, -1.65344682e-005, 9.20891762e-006)
p13.CanCollide = false
p13.Locked = true
p13.BottomSurface = Enum.SurfaceType.Smooth
p13.TopSurface = Enum.SurfaceType.Smooth
w1 = Instance.new("Weld", p1)
w1.Name = "Part_Weld"
w1.Part0 = p1
w1.C0 = CFrame.new(11.9124546, -5.63626003, -103.00383, 4.33940659e-005, -0.984795153, 0.173719674, 1.85460614e-009, -0.173719659, -0.984795094, 1, 4.27345876e-005, -7.53657105e-006)
w1.Part1 = p2
w1.C1 = CFrame.new(-8.80891991, -9.26009178, 102.975845, 0.00136663229, 0.965830803, 0.259170175, 0.00170310249, 0.25916782, -0.965830863, -0.999997616, 0.00176132878, -0.00129072159)
w2 = Instance.new("Weld", p2)
w2.Name = "Part_Weld"
w2.Part0 = p2
w2.C0 = CFrame.new(-8.80891991, -9.26009178, 102.975845, 0.00136663229, 0.965830803, 0.259170175, 0.00170310249, 0.25916782, -0.965830863, -0.999997616, 0.00176132878, -0.00129072159)
w2.Part1 = p3
w2.C1 = CFrame.new(13.0439634, -0.78926897, -103.003448, -4.37113883e-008, -0.88294369, 0.469478935, 0, -0.469478935, -0.88294369, 1, -3.85946954e-008, 2.05215755e-008)
w3 = Instance.new("Weld", p3)
w3.Name = "BladePart_Weld"
w3.Part0 = p3
w3.C0 = CFrame.new(13.0439634, -0.78926897, -103.003448, -4.37113883e-008, -0.88294369, 0.469478935, 0, -0.469478935, -0.88294369, 1, -3.85946954e-008, 2.05215755e-008)
w3.Part1 = p4
w3.C1 = CFrame.new(12.3193283, -3.60437131, -103.003067, 2.38418579e-006, -0.965907753, 0.258877277, 0, -0.258874893, -0.965907753, 0.999997616, 0, 2.38418579e-006)
w4 = Instance.new("Weld", p4)
w4.Name = "Hilt_Weld"
w4.Part0 = p4
w4.C0 = CFrame.new(12.3193283, -3.60437131, -103.003067, 2.38418579e-006, -0.965907753, 0.258877277, 0, -0.258874893, -0.965907753, 0.999997616, 0, 2.38418579e-006)
w4.Part1 = p5
w4.C1 = CFrame.new(103.010277, 6.16758585, -11.003541, -0.999999821, -0.00060418935, 4.31301851e-005, 4.32021443e-005, -0.000119086159, 1, -0.000604184228, 0.999999821, 0.000119112243)
w5 = Instance.new("Weld", p5)
w5.Name = "Handle_Weld"
w5.Part0 = p5
w5.C0 = CFrame.new(103.010277, 6.16758585, -11.003541, -0.999999821, -0.00060418935, 4.31301851e-005, 4.32021443e-005, -0.000119086159, 1, -0.000604184228, 0.999999821, 0.000119112243)
w5.Part1 = p6
w5.C1 = CFrame.new(-5.54999733, -11.0699978, -103, -4.37113883e-008, 2.98366913e-008, -1, 0, 1, 2.98366913e-008, 1, 1.3042032e-015, -4.37113883e-008)
w6 = Instance.new("Weld", p6)
w6.Name = "Part_Weld"
w6.Part0 = p6
w6.C0 = CFrame.new(-5.54999733, -11.0699978, -103, -4.37113883e-008, 2.98366913e-008, -1, 0, 1, 2.98366913e-008, 1, 1.3042032e-015, -4.37113883e-008)
w6.Part1 = p7
w6.C1 = CFrame.new(4.83552647, -11.5140886, 102.949669, -0.000344927335, 7.4505806e-007, 0.99999994, 0.00431239465, 0.999990702, 7.4505806e-007, -0.999990642, 0.00431239465, -0.000344927335)
w7 = Instance.new("Weld", p7)
w7.Name = "BladePart_Weld"
w7.Part0 = p7
w7.C0 = CFrame.new(4.83552647, -11.5140886, 102.949669, -0.000344927335, 7.4505806e-007, 0.99999994, 0.00431239465, 0.999990702, 7.4505806e-007, -0.999990642, 0.00431239465, -0.000344927335)
w7.Part1 = p8
w7.C1 = CFrame.new(11.3406382, -7.6414094, -103.0028, -4.38670977e-005, -0.996191144, 0.0871966407, 1.91451011e-009, -0.0871966407, -0.996191144, 1, -4.36998489e-005, 3.82696771e-006)
w8 = Instance.new("Weld", p8)
w8.Name = "BladePart_Weld"
w8.Part0 = p8
w8.C0 = CFrame.new(11.3406382, -7.6414094, -103.0028, -4.38670977e-005, -0.996191144, 0.0871966407, 1.91451011e-009, -0.0871966407, -0.996191144, 1, -4.36998489e-005, 3.82696771e-006)
w8.Part1 = p9
w8.C1 = CFrame.new(9.76131344, -10.4100504, -103.002922, -3.85031162e-005, -0.996201694, -0.0870751292, 1.47589729e-009, 0.0870751366, -0.996201754, 1, -3.83570004e-005, -3.35119148e-006)
w9 = Instance.new("Weld", p9)
w9.Name = "BladeTip_Weld"
w9.Part0 = p9
w9.C0 = CFrame.new(9.76131344, -10.4100504, -103.002922, -3.85031162e-005, -0.996201694, -0.0870751292, 1.47589729e-009, 0.0870751366, -0.996201754, 1, -3.83570004e-005, -3.35119148e-006)
w9.Part1 = p10
w9.C1 = CFrame.new(102.999939, 7.7735939, 14.0892649, -0.999999881, 0.000441889424, 0.000150508567, -0.000465785735, -0.965935588, -0.258782327, 3.10284122e-005, -0.258782327, 0.965935647)
w10 = Instance.new("Weld", p10)
w10.Name = "BladePart_Weld"
w10.Part0 = p10
w10.C0 = CFrame.new(102.999939, 7.7735939, 14.0892649, -0.999999881, 0.000441889424, 0.000150508567, -0.000465785735, -0.965935588, -0.258782327, 3.10284122e-005, -0.258782327, 0.965935647)
w10.Part1 = p11
w10.C1 = CFrame.new(7.72030354, -12.8984127, -103.003448, 1.83585671e-005, -0.965941429, -0.258760989, 3.25545535e-010, 0.258760959, -0.96594137, 1, 1.77332167e-005, 4.7507956e-006)
w11 = Instance.new("Weld", p11)
w11.Name = "BladeTip2_Weld"
w11.Part0 = p11
w11.C0 = CFrame.new(7.72030354, -12.8984127, -103.003448, 1.83585671e-005, -0.965941429, -0.258760989, 3.25545535e-010, 0.258760959, -0.96594137, 1, 1.77332167e-005, 4.7507956e-006)
w11.Part1 = p12
w11.C1 = CFrame.new(102.999031, -4.47981405, -14.2206001, -1, -4.84334305e-006, -9.63198472e-005, -4.95036402e-005, 0.882903397, 0.469554722, 8.27668991e-005, 0.469554722, -0.882903397)
w12 = Instance.new("Weld", p12)
w12.Name = "HitBox_Weld"
w12.Part0 = p12
w12.C0 = CFrame.new(102.999031, -4.47981405, -14.2206001, -1, -4.84334305e-006, -9.63198472e-005, -4.95036402e-005, 0.882903397, 0.469554722, 8.27668991e-005, 0.469554722, -0.882903397)
w12.Part1 = p13
w12.C1 = CFrame.new(9.27000427, 103.009995, 10.9999933, -4.37113883e-008, -4.37113883e-008, 1, -1, 1.91068547e-015, -4.37113883e-008, 0, -1, -4.37113883e-008)
w13 = Instance.new("Weld", p13)
w13.Name = "Weld"
w13.Part0 = p13
w13.C0 = CFrame.new(9.27000427, 103.009995, 10.9999933, -4.37113883e-008, -4.37113883e-008, 1, -1, 1.91068547e-015, -4.37113883e-008, 0, -1, -4.37113883e-008)
m.Parent = char
m:MakeJoints()
----------------------------------------------------
local cor = Instance.new("Part", char.Genkadda)
cor.Name = "Thingy"
cor.Locked = true
cor.BottomSurface = 0
cor.CanCollide = false
cor.Size = Vector3.new(1, 9, 1)
cor.Transparency = 1
cor.TopSurface = 0
corw = Instance.new("Weld", cor)
corw.Part0 = rarm
corw.Part1 = cor
corw.C0 = CFrame.new(0, -1, 0) * CFrame.Angles(math.rad(-90), math.rad(0), math.rad(90))
corw.C1 = CFrame.new(0, 0, 0) * CFrame.Angles(math.rad(0), math.rad(0), math.rad(0))
weld1 = Instance.new("Weld", char.Genkadda)
weld1.Part0 = cor
weld1.Part1 = p6
weld1.C0 = CFrame.new(0, 0, 0) * CFrame.Angles(math.rad(90), math.rad(0), math.rad(0))
---------------------------------------------------- Gauntlet

m=Instance.new('Model',char)


	local function weldBetween(a, b)
	    local weldd = Instance.new("ManualWeld")
	    weldd.Part0 = a
	    weldd.Part1 = b
	    weldd.C0 = CFrame.new()
	    weldd.C1 = b.CFrame:inverse() * a.CFrame
	    weldd.Parent = a
	    return weldd
	end
	
	it=Instance.new
	
	function nooutline(part)
		part.TopSurface,part.BottomSurface,part.LeftSurface,part.RightSurface,part.FrontSurface,part.BackSurface = 10,10,10,10,10,10
	end
	
	function part(formfactor,parent,material,reflectance,transparency,brickcolor,name,size)
		local fp=it("Part")
		fp.formFactor=formfactor
		fp.Parent=parent
		fp.Reflectance=reflectance
		fp.Transparency=transparency
		fp.CanCollide=false
		fp.Locked=true
		fp.BrickColor=BrickColor.new(tostring(brickcolor))
		fp.Name=name
		fp.Size=size
		fp.Position=char.Torso.Position
		nooutline(fp)
		fp.Material=material
		fp:BreakJoints()
		return fp
	end
	
	function mesh(Mesh,part,meshtype,meshid,offset,scale)
		local mesh=it(Mesh)
