--Stolen and fixed by chromium ty fang for fixing anims 
loadstring(game:HttpGet("https://raw.githubusercontent.com/Tescalus/Pendulum-Hubs-Source/main/Reanimation.lua"))()
Player = game.Players.LocalPlayer
Character = game.Workspace.non
PlayerGui = Player.PlayerGui
Backpack = Player.Backpack
Torso = Character.Torso
Head = Character.Head
Humanoid = Character.Humanoid
LeftArm = Character["Left Arm"]
LeftLeg = Character["Left Leg"]
RightArm = Character["Right Arm"]
RightLeg = Character["Right Leg"]
LS = Torso["Left Shoulder"]
LH = Torso["Left Hip"]
RS = Torso["Right Shoulder"]
RH = Torso["Right Hip"]
Face = Head.face
Neck = Torso.Neck
it = Instance.new
attacktype = 1
vt = Vector3.new
cf = CFrame.new
euler = CFrame.fromEulerAnglesXYZ
angles = CFrame.Angles
cloaked = false
necko = cf(0, 1, 0, -1, 0, 0, 0, 0, 1, 0, 1, 0)
necko2 = cf(0, -0.5, 0, -1, 0, 0, 0, 0, 1, 0, 1, 0)
LHC0 = cf(-1, -1, 0, 0, 0, -1, 0, 1, 0, 1, 0, 0)
LHC1 = cf(-0.5, 1, 0, 0, 0, -1, 0, 1, 0, 1, 0, 0)
RHC0 = cf(1, -1, 0, 0, 0, 1, 0, 1, 0, -1, 0, 0)
RHC1 = cf(0.5, 1, 0, 0, 0, 1, 0, 1, 0, -1, 0, 0)
RootPart = Character.HumanoidRootPart
RootJoint = RootPart.RootJoint
RootCF = euler(-1.57, 0, 3.14)
attack = false
attackdebounce = false
deb = false
equipped = true
hand = false
MMouse = nil
combo = 0
mana = 0
trispeed = 0.2
attackmode = "none"
local idle = 0
local Anim = "Idle"
local gun = false
local shoot = false
player = nil
mana = 0
mouse = Player:GetMouse()
RSH = nil
RW = Instance.new("Weld")
LW = Instance.new("Weld")
RH = Torso["Right Hip"]
LH = Torso["Left Hip"]
RSH = Torso["Right Shoulder"]
LSH = Torso["Left Shoulder"]
TorsoColor = Torso.BrickColor
Colorpart1 = Torso.BrickColor.r
Colorpart2 = Torso.BrickColor.g
Colorpart3 = Torso.BrickColor.b
NoOutline = function(Part)
  Part.TopSurface = 10
end

player = Player
ch = Character
RSH = ch.Torso["Right Shoulder"]
LSH = ch.Torso["Left Shoulder"]
RSH.Parent = nil
LSH.Parent = nil
RW.Name = "Right Shoulder"
RW.Part0 = ch.Torso
RW.C0 = cf(1.5, 0.5, 0)
RW.C1 = cf(0, 0.5, 0)
RW.Part1 = ch["Right Arm"]
RW.Parent = ch.Torso
LW.Name = "Left Shoulder"
LW.Part0 = ch.Torso
LW.C0 = cf(-1.5, 0.5, 0)
LW.C1 = cf(0, 0.5, 0)
LW.Part1 = ch["Left Arm"]
LW.Parent = ch.Torso
Player = game:GetService("Players").LocalPlayer
Character = Player.Character
Mouse = Player:GetMouse()
local weldBetween = function(a, b)
  local weldd = Instance.new("ManualWeld")
  weldd.Part0 = a
  weldd.Part1 = b
  weldd.C0 = CFrame.new()
  weldd.C1 = b.CFrame:inverse() * a.CFrame
  weldd.Parent = a
  return weldd
end

fat = Instance.new("BindableEvent", script)
fat.Name = "Heartbeat"
script:WaitForChild("Heartbeat")
frame = 0.033333333333333
tf = 0
allowframeloss = false
tossremainder = false
lastframe = tick()
script.Heartbeat:Fire()
game:GetService("RunService").Heartbeat:connect(function(s, p)
  tf = tf + s
  if frame <= tf then
    if allowframeloss then
      script.Heartbeat:Fire()
      lastframe = tick()
    else
      for i = 1, math.floor(tf / frame) do
        script.Heartbeat:Fire()
      end
      lastframe = tick()
    end
    if tossremainder then
      tf = 0
    else
      tf = tf - frame * math.floor(tf / frame)
    end
  end
end
)
nooutline = function(part)
  part.TopSurface = 10
end

part = function(formfactor, parent, material, reflectance, transparency, brickcolor, name, size)
  local fp = it("Part")
  fp.formFactor = formfactor
  fp.Parent = parent
  fp.Reflectance = reflectance
  fp.Transparency = transparency
  fp.CanCollide = false
  fp.Locked = true
  fp.BrickColor = BrickColor.new(tostring(brickcolor))
  fp.Name = name
  fp.Size = size
  fp.Position = Character.Torso.Position
  nooutline(fp)
  fp.Material = material
  fp:BreakJoints()
  return fp
end

mesh = function(Mesh, part, meshtype, meshid, offset, scale)
  local mesh = it(Mesh)
  mesh.Parent = part
  if Mesh == "SpecialMesh" then
    mesh.MeshType = meshtype
    mesh.MeshId = meshid
  end
  mesh.Offset = offset
  mesh.Scale = scale
  return mesh
end

weld = function(parent, part0, part1, c0, c1)
  local weld = it("Weld")
  weld.Parent = parent
  weld.Part0 = part0
  weld.Part1 = part1
  weld.C0 = c0
  weld.C1 = c1
  return weld
end

local m = Instance.new("Model", RightArm)
m.Name = "Rigormortis\' Right Glove"
GloveHandle = part(Enum.FormFactor.Custom, m, Enum.Material.Metal, 0.25, 0, TorsoColor, "Handle", Vector3.new(0.200000003, 0.200000003, 0.200000003))
GloveHandleweld = weld(m, Character["Right Arm"], GloveHandle, CFrame.new(0, 0, 0, 1, 0, 0, 0, 1, 0, 0, 0, 1), CFrame.new(1.1920929e-005, 0.000109910965, 0.00443553925, 1, 0, 0, 0, 0.999999881, 0, 0, 0, 1))
mesh("SpecialMesh", GloveHandle, Enum.MeshType.Brick, "", Vector3.new(0, 0, 0), Vector3.new(5.5, 5.25, 5.5))
Part = part(Enum.FormFactor.Custom, m, Enum.Material.Neon, 0.25, 0, "Br. yellowish orange", "Part", Vector3.new(0.200000003, 0.200000003, 0.200000003))
Partweld = weld(m, GloveHandle, Part, CFrame.new(0, 0, 0, 1, 0, 0, 0, 1, 0, 0, 0, 1), CFrame.new(0, 0.620000124, 0, 1, 0, 0, 0, 1, 0, 0, 0, 1))
mesh("SpecialMesh", Part, Enum.MeshType.Brick, "", Vector3.new(0, 0, 0), Vector3.new(5.5, 1, 5.5))
Part = part(Enum.FormFactor.Custom, m, Enum.Material.Metal, 0.25, 0, TorsoColor, "Part", Vector3.new(0.200000003, 0.200000003, 0.200000003))
Partweld = weld(m, GloveHandle, Part, CFrame.new(0, 0, 0, 1, 0, 0, 0, 1, 0, 0, 0, 1), CFrame.new(0, 0.869999886, 0, 1, 0, 0, 0, 1, 0, 0, 0, 1))
mesh("SpecialMesh", Part, Enum.MeshType.Brick, "", Vector3.new(0, 0, 0), Vector3.new(5.5, 1.5, 5.5))
Part = part(Enum.FormFactor.Custom, m, Enum.Material.Metal, 0.25, 0, "Bright orange", "Part", Vector3.new(0.200000003, 0.200000003, 0.200000003))
Partweld = weld(m, GloveHandle, Part, CFrame.new(0, 0, 0, 1, 0, 0, 0, 1, 0, 0, 0, 1), CFrame.new(-0.549999952, 0.0184423923, 0.00541090965, 1, 0, 0, 0, 0.258819193, -0.965925813, 0, 0.965925813, 0.258819193))
mesh("SpecialMesh", Part, Enum.MeshType.FileMesh, "http://www.roblox.com/asset/?id=9756362", Vector3.new(0, 0, 0), Vector3.new(0.25, 1, 0.25))
Part = part(Enum.FormFactor.Custom, m, Enum.Material.Neon, 0.25, 0, "Br. yellowish orange", "Part", Vector3.new(0.200000003, 0.200000003, 0.200000003))
Partweld = weld(m, GloveHandle, Part, CFrame.new(0, 0, 0, 1, 0, 0, 0, 1, 0, 0, 0, 1), CFrame.new(0.00707101822, 0.00707101822, 0.465586424, 0.707106769, 0.707106769, 0, -0.707106769, 0.707106769, 0, 0, 0, 1))
mesh("SpecialMesh", Part, Enum.MeshType.Brick, "", Vector3.new(0, 0, 0), Vector3.new(1, 5, 1))
Part = part(Enum.FormFactor.Custom, m, Enum.Material.Neon, 0.25, 0, "Br. yellowish orange", "Part", Vector3.new(0.200000003, 0.200000003, 0.200000003))
Partweld = weld(m, GloveHandle, Part, CFrame.new(0, 0, 0, 1, 0, 0, 0, 1, 0, 0, 0, 1), CFrame.new(0.00999999046, 0, 0.465586424, 0, 0.99999994, 0, -0.99999994, 0, 0, 0, 0, 1))
mesh("SpecialMesh", Part, Enum.MeshType.Brick, "", Vector3.new(0, 0, 0), Vector3.new(1, 5, 1))
GloveEyePart = part(Enum.FormFactor.Custom, m, Enum.Material.Neon, 0.25, 0, "Really red", "GloveEyePart", Vector3.new(0.200000003, 0.200000003, 0.200000003))
GloveEyePartweld = weld(m, GloveHandle, GloveEyePart, CFrame.new(0, 0, 0, 1, 0, 0, 0, 1, 0, 0, 0, 1), CFrame.new(0, 1.00999999, 0, 1, 0, 0, 0, 1, 0, 0, 0, 1))
GloveEyePartmesh = mesh("SpecialMesh", GloveEyePart, Enum.MeshType.Sphere, "", Vector3.new(0, 0, 0), Vector3.new(0.5, 0.5, 4))
Part = part(Enum.FormFactor.Custom, m, Enum.Material.Metal, 0.25, 0, "Bright orange", "Part", Vector3.new(0.200000003, 0.200000003, 0.200000003))
Partweld = weld(m, GloveHandle, Part, CFrame.new(0, 0, 0, 1, 0, 0, 0, 1, 0, 0, 0, 1), CFrame.new(-0.549999952, 0.0192146301, 0.000453591347, 1, 0, 0, 0, 0.50000006, -0.866025388, 0, 0.866025388, 0.50000006))
mesh("SpecialMesh", Part, Enum.MeshType.FileMesh, "http://www.roblox.com/asset/?id=9756362", Vector3.new(0, 0, 0), Vector3.new(0.25, 1, 0.25))
Part = part(Enum.FormFactor.Custom, m, Enum.Material.Neon, 0.25, 0, "Br. yellowish orange", "Part", Vector3.new(0.200000003, 0.200000003, 0.200000003))
Partweld = weld(m, GloveHandle, Part, CFrame.new(0, 0, 0, 1, 0, 0, 0, 1, 0, 0, 0, 1), CFrame.new(0, 0.00999999046, 0.465586424, 1, 0, 0, 0, 1, 0, 0, 0, 1))
mesh("SpecialMesh", Part, Enum.MeshType.Brick, "", Vector3.new(0, 0, 0), Vector3.new(1, 5, 1))
Part = part(Enum.FormFactor.Custom, m, Enum.Material.Metal, 0.25, 0, "Bright orange", "Part", Vector3.new(0.200000003, 0.200000003, 0.200000003))
Partweld = weld(m, GloveHandle, Part, CFrame.new(0, 0, 0, 1, 0, 0, 0, 1, 0, 0, 0, 1), CFrame.new(0.549413562, 0.00707125664, 0.00707101822, 1.3767874e-007, -6.21808951e-008, -1, -0.70710659, 0.707106948, -1.4132209e-007, 0.707106948, 0.70710659, 5.33850653e-008))
mesh("SpecialMesh", Part, Enum.MeshType.FileMesh, "http://www.roblox.com/asset/?id=9756362", Vector3.new(0, 0, 0), Vector3.new(0.25, 1, 0.25))
Part = part(Enum.FormFactor.Custom, m, Enum.Material.Metal, 0.25, 0, "Bright orange", "Part", Vector3.new(0.200000003, 0.200000003, 0.200000003))
Partweld = weld(m, GloveHandle, Part, CFrame.new(0, 0, 0, 1, 0, 0, 0, 1, 0, 0, 0, 1), CFrame.new(-0.549999952, 0.0186772346, -0.004535079, 1, 0, 0, 0, 0.707106829, -0.707106709, 0, 0.707106709, 0.707106829))
mesh("SpecialMesh", Part, Enum.MeshType.FileMesh, "http://www.roblox.com/asset/?id=9756362", Vector3.new(0, 0, 0), Vector3.new(0.25, 1, 0.25))
Part = part(Enum.FormFactor.Custom, m, Enum.Material.Metal, 0.25, 0, "Bright orange", "Part", Vector3.new(0.200000003, 0.200000003, 0.200000003))
Partweld = weld(m, GloveHandle, Part, CFrame.new(0, 0, 0, 1, 0, 0, 0, 1, 0, 0, 0, 1), CFrame.new(0.549413681, 0.00999999046, 0, -4.37113883e-008, -9.70964606e-008, -1, 0, 1, -9.70964606e-008, 1, -4.24422121e-015, -4.37113883e-008))
mesh("SpecialMesh", Part, Enum.MeshType.FileMesh, "http://www.roblox.com/asset/?id=9756362", Vector3.new(0, 0, 0), Vector3.new(0.25, 0.75, 0.25))
Part = part(Enum.FormFactor.Custom, m, Enum.Material.Metal, 0.25, 0, "Bright orange", "Part", Vector3.new(0.200000003, 0.200000003, 0.200000003))
Partweld = weld(m, GloveHandle, Part, CFrame.new(0, 0, 0, 1, 0, 0, 0, 1, 0, 0, 0, 1), CFrame.new(-0.549999952, 0.00921452045, 0.0168669224, 1, 0, 0, 0, -0.499999851, -0.866025507, 0, 0.866025507, -0.499999851))
mesh("SpecialMesh", Part, Enum.MeshType.FileMesh, "http://www.roblox.com/asset/?id=9756362", Vector3.new(0, 0, 0), Vector3.new(0.25, 1, 0.25))
Part = part(Enum.FormFactor.Custom, m, Enum.Material.Metal, 0.25, 0, "Bright orange", "Part", Vector3.new(0.200000003, 0.200000003, 0.200000003))
Partweld = weld(m, GloveHandle, Part, CFrame.new(0, 0, 0, 1, 0, 0, 0, 1, 0, 0, 0, 1), CFrame.new(-0.549999952, 0.0132659674, 0.0139074326, 1, 0, 0, 0, -0.258818924, -0.965925872, 0, 0.965925872, -0.258818924))
mesh("SpecialMesh", Part, Enum.MeshType.FileMesh, "http://www.roblox.com/asset/?id=9756362", Vector3.new(0, 0, 0), Vector3.new(0.25, 1, 0.25))
Part = part(Enum.FormFactor.Custom, m, Enum.Material.Metal, 0.25, 0, "Bright orange", "Part", Vector3.new(0.200000003, 0.200000003, 0.200000003))
Partweld = weld(m, GloveHandle, Part, CFrame.new(0, 0, 0, 1, 0, 0, 0, 1, 0, 0, 0, 1), CFrame.new(-0.549999952, 0.0168671608, -0.00921428204, 1, 0, 0, 0, 0.866025448, -0.499999911, 0, 0.499999911, 0.866025448))
mesh("SpecialMesh", Part, Enum.MeshType.FileMesh, "http://www.roblox.com/asset/?id=9756362", Vector3.new(0, 0, 0), Vector3.new(0.25, 1, 0.25))
LaserReferencePart = part(Enum.FormFactor.Custom, m, Enum.Material.Metal, 0.25, 0, "Really black", "LaserReferencePart", Vector3.new(0.200000003, 0.200000003, 0.200000003))
LaserReferencePartweld = weld(m, GloveHandle, LaserReferencePart, CFrame.new(0, 0, 0, 1, 0, 0, 0, 1, 0, 0, 0, 1), CFrame.new(0.980000019, 0, 0, -4.37113883e-008, 1, 0, -1, -4.37113883e-008, 0, 0, 0, 1))
mesh("SpecialMesh", LaserReferencePart, Enum.MeshType.Cylinder, "", Vector3.new(0, 0, 0), Vector3.new(0.5, 4, 4))
Part = part(Enum.FormFactor.Custom, m, Enum.Material.Metal, 0.25, 0, "Dark stone grey", "Part", Vector3.new(0.200000003, 0.200000003, 0.200000003))
Partweld = weld(m, GloveHandle, Part, CFrame.new(0, 0, 0, 1, 0, 0, 0, 1, 0, 0, 0, 1), CFrame.new(0.974999905, 0, 0, -4.37113883e-008, 1, 0, -1, -4.37113883e-008, 0, 0, 0, 1))
mesh("SpecialMesh", Part, Enum.MeshType.Cylinder, "", Vector3.new(0, 0, 0), Vector3.new(0.5, 5, 5))
Part = part(Enum.FormFactor.Custom, m, Enum.Material.Metal, 0.25, 0, "Bright orange", "Part", Vector3.new(0.200000003, 0.200000003, 0.200000003))
Partweld = weld(m, GloveHandle, Part, CFrame.new(0, 0, 0, 1, 0, 0, 0, 1, 0, 0, 0, 1), CFrame.new(0.549413681, 0.00707101822, -0.00707149506, -3.09086268e-008, -1.0640651e-007, -1, 0.707106948, 0.70710659, -9.70964535e-008, 0.70710659, -0.707106948, 5.33850901e-008))
mesh("SpecialMesh", Part, Enum.MeshType.FileMesh, "http://www.roblox.com/asset/?id=9756362", Vector3.new(0, 0, 0), Vector3.new(0.25, 1, 0.25))
Part = part(Enum.FormFactor.Custom, m, Enum.Material.Metal, 0.25, 0, "Bright orange", "Part", Vector3.new(0.200000003, 0.200000003, 0.200000003))
Partweld = weld(m, GloveHandle, Part, CFrame.new(0, 0, 0, 1, 0, 0, 0, 1, 0, 0, 0, 1), CFrame.new(0.549413562, 1.1920929e-007, 0.00999999046, 7.54979013e-008, 7.54978799e-008, -1, -1, 2.68220901e-007, -7.54978799e-008, 2.68220901e-007, 1, 7.54979013e-008))
mesh("SpecialMesh", Part, Enum.MeshType.FileMesh, "http://www.roblox.com/asset/?id=9756362", Vector3.new(0, 0, 0), Vector3.new(0.25, 0.75, 0.25))
Part = part(Enum.FormFactor.Custom, m, Enum.Material.Neon, 0.25, 0, "Br. yellowish orange", "Part", Vector3.new(0.200000003, 0.200000003, 0.200000003))
Partweld = weld(m, GloveHandle, Part, CFrame.new(0, 0, 0, 1, 0, 0, 0, 1, 0, 0, 0, 1), CFrame.new(-0.00707101822, 0.00707101822, 0.465586424, 0.707106709, -0.707106829, 0, 0.707106829, 0.707106709, 0, 0, 0, 1))
mesh("SpecialMesh", Part, Enum.MeshType.Brick, "", Vector3.new(0, 0, 0), Vector3.new(1, 5, 1))
Part = part(Enum.FormFactor.Custom, m, Enum.Material.Metal, 0.25, 0, "Bright orange", "Part", Vector3.new(0.200000003, 0.200000003, 0.200000003))
Partweld = weld(m, GloveHandle, Part, CFrame.new(0, 0, 0, 1, 0, 0, 0, 1, 0, 0, 0, 1), CFrame.new(-0.549999952, 0.0164134502, 0.00999999046, 1, 0, 0, 0, 7.54979013e-008, -1, 0, 1, 7.54979013e-008))
mesh("SpecialMesh", Part, Enum.MeshType.FileMesh, "http://www.roblox.com/asset/?id=9756362", Vector3.new(0, 0, 0), Vector3.new(0.25, 1, 0.25))
Part = part(Enum.FormFactor.Custom, m, Enum.Material.Metal, 0.25, 0, "Bright orange", "Part", Vector3.new(0.200000003, 0.200000003, 0.200000003))
Partweld = weld(m, GloveHandle, Part, CFrame.new(0, 0, 0, 1, 0, 0, 0, 1, 0, 0, 0, 1), CFrame.new(-0.549999952, -0.00453495979, -0.0186769962, 1, 0, 0, 0, 0.707106709, 0.707106888, 0, -0.707106888, 0.707106709))
mesh("SpecialMesh", Part, Enum.MeshType.FileMesh, "http://www.roblox.com/asset/?id=9756362", Vector3.new(0, 0, 0), Vector3.new(0.25, 1, 0.25))
Part = part(Enum.FormFactor.Custom, m, Enum.Material.Metal, 0.25, 0, "Bright orange", "Part", Vector3.new(0.200000003, 0.200000003, 0.200000003))
Partweld = weld(m, GloveHandle, Part, CFrame.new(0, 0, 0, 1, 0, 0, 0, 1, 0, 0, 0, 1), CFrame.new(-0.549999952, 0.000453591347, -0.0192143917, 1, 0, 0, 0, 0.866025329, 0.500000119, 0, -0.500000119, 0.866025329))
mesh("SpecialMesh", Part, Enum.MeshType.FileMesh, "http://www.roblox.com/asset/?id=9756362", Vector3.new(0, 0, 0), Vector3.new(0.25, 1, 0.25))
Part = part(Enum.FormFactor.Custom, m, Enum.Material.Metal, 0.25, 0, "Bright orange", "Part", Vector3.new(0.200000003, 0.200000003, 0.200000003))
Partweld = weld(m, GloveHandle, Part, CFrame.new(0, 0, 0, 1, 0, 0, 0, 1, 0, 0, 0, 1), CFrame.new(-0.549999952, 0.00541114807, -0.0184421539, 1, 0, 0, 0, 0.965925813, 0.258819163, 0, -0.258819163, 0.965925813))
mesh("SpecialMesh", Part, Enum.MeshType.FileMesh, "http://www.roblox.com/asset/?id=9756362", Vector3.new(0, 0, 0), Vector3.new(0.25, 1, 0.25))
Part = part(Enum.FormFactor.Custom, m, Enum.Material.Metal, 0.25, 0, "Bright orange", "Part", Vector3.new(0.200000003, 0.200000003, 0.200000003))
Partweld = weld(m, GloveHandle, Part, CFrame.new(0, 0, 0, 1, 0, 0, 0, 1, 0, 0, 0, 1), CFrame.new(-0.549999952, 0.00999999046, -0.0164134502, 1, 0, 0, 0, 1, 1.34110465e-007, 0, -1.34110465e-007, 1))
mesh("SpecialMesh", Part, Enum.MeshType.FileMesh, "http://www.roblox.com/asset/?id=9756362", Vector3.new(0, 0, 0), Vector3.new(0.25, 1, 0.25))
Part = part(Enum.FormFactor.Custom, m, Enum.Material.Metal, 0.25, 0, "Bright orange", "Part", Vector3.new(0.200000003, 0.200000003, 0.200000003))
Partweld = weld(m, GloveHandle, Part, CFrame.new(0, 0, 0, 1, 0, 0, 0, 1, 0, 0, 0, 1), CFrame.new(-0.549999952, 0.0139074326, -0.0132658482, 1, 0, 0, 0, 0.965925872, -0.258818865, 0, 0.258818865, 0.965925872))
mesh("SpecialMesh", Part, Enum.MeshType.FileMesh, "http://www.roblox.com/asset/?id=9756362", Vector3.new(0, 0, 0), Vector3.new(0.25, 1, 0.25))
Finger1Handle = part(Enum.FormFactor.Custom, m, Enum.Material.Metal, 0.25, 0, TorsoColor, "Handle", Vector3.new(0.200000003, 0.200000003, 0.200000003))
Finger1Handleweld = weld(m, Character["Right Arm"], Finger1Handle, CFrame.new(0, 0, 0, 1, 0, 0, 0, 1, 0, 0, 0, 1), CFrame.new(-0.138371706, 1.14493585, -0.395564556, 0.965925813, 0.258819014, 0, -0.258819044, 0.965925694, 0, 0, 0, 1))
mesh("SpecialMesh", Finger1Handle, Enum.MeshType.Brick, "", Vector3.new(0, 0, 0), Vector3.new(1.5, 1.25, 1.5))
Part = part(Enum.FormFactor.Custom, m, Enum.Material.Metal, 0.25, 0, TorsoColor, "Part", Vector3.new(0.200000003, 0.200000003, 0.200000003))
Partweld = weld(m, Finger1Handle, Part, CFrame.new(0, 0, 0, 1, 0, 0, 0, 1, 0, 0, 0, 1), CFrame.new(-0.103527784, 0.38637054, 0, 0.866025388, -0.5, 0, 0.5, 0.866025388, 0, 0, 0, 1))
mesh("SpecialMesh", Part, Enum.MeshType.Brick, "", Vector3.new(0, 0, 0), Vector3.new(1.5, 1.25, 1.5))
Part = part(Enum.FormFactor.Custom, m, Enum.Material.Metal, 0.25, 0, TorsoColor, "Part", Vector3.new(0.200000003, 0.200000003, 0.200000003))
Partweld = weld(m, Finger1Handle, Part, CFrame.new(0, 0, 0, 1, 0, 0, 0, 1, 0, 0, 0, 1), CFrame.new(-0.0249999762, 0.200000167, 0, 0.965925813, -0.258819044, 0, 0.258819044, 0.965925813, 0, 0, 0, 1))
mesh("SpecialMesh", Part, Enum.MeshType.Brick, "", Vector3.new(0, 0, 0), Vector3.new(1.5, 1.25, 1.5))
Glove1Finger1ClawFinger = part(Enum.FormFactor.Custom, m, Enum.Material.Metal, 0.25, 0, TorsoColor, "Glove1Finger1ClawFinger", Vector3.new(0.200000003, 0.200000003, 0.200000003))
Glove1Finger1ClawFingerweld = weld(m, Finger1Handle, Glove1Finger1ClawFinger, CFrame.new(0, 0, 0, 1, 0, 0, 0, 1, 0, 0, 0, 1), CFrame.new(-0.103747845, 0.500191927, -0.00441360474, 0.866025388, -0.5, 0, 0.5, 0.866025388, 0, 0, 0, 1))
mesh("SpecialMesh", Glove1Finger1ClawFinger, Enum.MeshType.FileMesh, "http://www.roblox.com/asset/?id=9756362", Vector3.new(0, 0, 0), Vector3.new(0.209999993, 0.5, 0.209999993))
Finger2Handle = part(Enum.FormFactor.Custom, m, Enum.Material.Metal, 0.25, 0, TorsoColor, "Handle", Vector3.new(0.200000003, 0.200000003, 0.200000003))
Finger2Handleweld = weld(m, Character["Right Arm"], Finger2Handle, CFrame.new(0, 0, 0, 1, 0, 0, 0, 1, 0, 0, 0, 1), CFrame.new(-0.138371706, 1.14493585, 0.00143527985, 0.965925813, 0.258819014, 0, -0.258819044, 0.965925694, 0, 0, 0, 1))
mesh("SpecialMesh", Finger2Handle, Enum.MeshType.Brick, "", Vector3.new(0, 0, 0), Vector3.new(1.5, 1.25, 1.5))
Part = part(Enum.FormFactor.Custom, m, Enum.Material.Metal, 0.25, 0, TorsoColor, "Part", Vector3.new(0.200000003, 0.200000003, 0.200000003))
Partweld = weld(m, Finger2Handle, Part, CFrame.new(0, 0, 0, 1, 0, 0, 0, 1, 0, 0, 0, 1), CFrame.new(-0.0249999762, 0.200000167, 0, 0.965925813, -0.258819044, 0, 0.258819044, 0.965925813, 0, 0, 0, 1))
mesh("SpecialMesh", Part, Enum.MeshType.Brick, "", Vector3.new(0, 0, 0), Vector3.new(1.5, 1.25, 1.5))
Part = part(Enum.FormFactor.Custom, m, Enum.Material.Metal, 0.25, 0, TorsoColor, "Part", Vector3.new(0.200000003, 0.200000003, 0.200000003))
Partweld = weld(m, Finger2Handle, Part, CFrame.new(0, 0, 0, 1, 0, 0, 0, 1, 0, 0, 0, 1), CFrame.new(-0.103527784, 0.38637054, 0, 0.866025388, -0.5, 0, 0.5, 0.866025388, 0, 0, 0, 1))
mesh("SpecialMesh", Part, Enum.MeshType.Brick, "", Vector3.new(0, 0, 0), Vector3.new(1.5, 1.25, 1.5))
Glove1Finger2ClawFinger = part(Enum.FormFactor.Custom, m, Enum.Material.Metal, 0.25, 0, TorsoColor, "Glove1Finger2ClawFinger", Vector3.new(0.200000003, 0.200000003, 0.200000003))
Glove1Finger2ClawFingerweld = weld(m, Finger2Handle, Glove1Finger2ClawFinger, CFrame.new(0, 0, 0, 1, 0, 0, 0, 1, 0, 0, 0, 1), CFrame.new(-0.103527784, 0.499370575, -0.00141334534, 0.866025388, -0.5, 0, 0.5, 0.866025388, 0, 0, 0, 1))
mesh("SpecialMesh", Glove1Finger2ClawFinger, Enum.MeshType.FileMesh, "http://www.roblox.com/asset/?id=9756362", Vector3.new(0, 0, 0), Vector3.new(0.209999993, 0.5, 0.209999993))
Finger3Handle = part(Enum.FormFactor.Custom, m, Enum.Material.Metal, 0.25, 0, TorsoColor, "Handle", Vector3.new(0.200000003, 0.200000003, 0.200000003))
Finger3Handleweld = weld(m, Character["Right Arm"], Finger3Handle, CFrame.new(0, 0, 0, 1, 0, 0, 0, 1, 0, 0, 0, 1), CFrame.new(-0.138371706, 1.14493585, 0.403035164, 0.965925813, 0.258819014, 0, -0.258819044, 0.965925694, 0, 0, 0, 1))
mesh("SpecialMesh", Finger3Handle, Enum.MeshType.Brick, "", Vector3.new(0, 0, 0), Vector3.new(1.5, 1.25, 1.5))
Part = part(Enum.FormFactor.Custom, m, Enum.Material.Metal, 0.25, 0, TorsoColor, "Part", Vector3.new(0.200000003, 0.200000003, 0.200000003))
Partweld = weld(m, Finger3Handle, Part, CFrame.new(0, 0, 0, 1, 0, 0, 0, 1, 0, 0, 0, 1), CFrame.new(-0.103527784, 0.38637054, 0, 0.866025388, -0.5, 0, 0.5, 0.866025388, 0, 0, 0, 1))
mesh("SpecialMesh", Part, Enum.MeshType.Brick, "", Vector3.new(0, 0, 0), Vector3.new(1.5, 1.25, 1.5))
Part = part(Enum.FormFactor.Custom, m, Enum.Material.Metal, 0.25, 0, TorsoColor, "Part", Vector3.new(0.200000003, 0.200000003, 0.200000003))
Partweld = weld(m, Finger3Handle, Part, CFrame.new(0, 0, 0, 1, 0, 0, 0, 1, 0, 0, 0, 1), CFrame.new(-0.0249999762, 0.200000167, 0, 0.965925813, -0.258819044, 0, 0.258819044, 0.965925813, 0, 0, 0, 1))
mesh("SpecialMesh", Part, Enum.MeshType.Brick, "", Vector3.new(0, 0, 0), Vector3.new(1.5, 1.25, 1.5))
Glove1Finger3ClawFinger = part(Enum.FormFactor.Custom, m, Enum.Material.Metal, 0.25, 0, TorsoColor, "Glove1Finger3ClawFinger", Vector3.new(0.200000003, 0.200000003, 0.200000003))
Glove1Finger3ClawFingerweld = weld(m, Finger3Handle, Glove1Finger3ClawFinger, CFrame.new(0, 0, 0, 1, 0, 0, 0, 1, 0, 0, 0, 1), CFrame.new(-0.103527784, 0.499370575, 0, 0.866025388, -0.5, 0, 0.5, 0.866025388, 0, 0, 0, 1))
mesh("SpecialMesh", Glove1Finger3ClawFinger, Enum.MeshType.FileMesh, "http://www.roblox.com/asset/?id=9756362", Vector3.new(0, 0, 0), Vector3.new(0.209999993, 0.5, 0.209999993))
Finger4Handle = part(Enum.FormFactor.Custom, m, Enum.Material.Metal, 0.25, 0, TorsoColor, "Handle", Vector3.new(0.200000003, 0.200000003, 0.200000003))
Finger4Handleweld = weld(m, Character["Right Arm"], Finger4Handle, CFrame.new(0, 0, 0, 1, 0, 0, 0, 1, 0, 0, 0, 1), CFrame.new(-0.145614386, 1.14687657, -0.40422225, -0.965925813, 0.258819103, 4.72798973e-008, 0.258819133, 0.965925694, -1.68990979e-007, -8.94069672e-008, -1.50995788e-007, -1))
mesh("SpecialMesh", Finger4Handle, Enum.MeshType.Brick, "", Vector3.new(0, 0, 0), Vector3.new(1.5, 1.25, 1.5))
Part = part(Enum.FormFactor.Custom, m, Enum.Material.Metal, 0.25, 0, TorsoColor, "Part", Vector3.new(0.200000003, 0.200000003, 0.200000003))
Partweld = weld(m, Finger4Handle, Part, CFrame.new(0, 0, 0, 1, 0, 0, 0, 1, 0, 0, 0, 1), CFrame.new(-0.103527784, 0.38637042, 0, 0.866025329, -0.500000179, 0, 0.500000179, 0.866025329, 0, 0, 0, 1))
mesh("SpecialMesh", Part, Enum.MeshType.Brick, "", Vector3.new(0, 0, 0), Vector3.new(1.5, 1.25, 1.5))
Part = part(Enum.FormFactor.Custom, m, Enum.Material.Metal, 0.25, 0, TorsoColor, "Part", Vector3.new(0.200000003, 0.200000003, 0.200000003))
Partweld = weld(m, Finger4Handle, Part, CFrame.new(0, 0, 0, 1, 0, 0, 0, 1, 0, 0, 0, 1), CFrame.new(-0.0249997377, 0.200000048, 0, 0.965925753, -0.258819282, 0, 0.258819282, 0.965925753, 0, 0, 0, 1))
mesh("SpecialMesh", Part, Enum.MeshType.Brick, "", Vector3.new(0, 0, 0), Vector3.new(1.5, 1.25, 1.5))
Glove1Finger4ClawFinger = part(Enum.FormFactor.Custom, m, Enum.Material.Metal, 0.25, 0, TorsoColor, "Glove4Finger1ClawFinger", Vector3.new(0.200000003, 0.200000003, 0.200000003))
Glove1Finger4ClawFingerweld = weld(m, Finger4Handle, Glove1Finger4ClawFinger, CFrame.new(0, 0, 0, 1, 0, 0, 0, 1, 0, 0, 0, 1), CFrame.new(0.134217024, 0.491147041, -0.00118684769, -0.866025329, 0.500000119, -1.2544109e-007, 0.500000119, 0.866025329, -1.22710517e-007, 4.72798973e-008, -1.68990979e-007, -1))
mesh("SpecialMesh", Glove1Finger4ClawFinger, Enum.MeshType.FileMesh, "http://www.roblox.com/asset/?id=9756362", Vector3.new(0, 0, 0), Vector3.new(0.209999993, 0.5, 0.209999993))
local m2 = Instance.new("Model", Head)
m2.Name = "Rigormortis\' Hood"
HoodHandle = part(Enum.FormFactor.Custom, m, Enum.Material.Metal, 0, 0, "Really black", "Handle", Vector3.new(0.200000003, 0.200000003, 0.200000003))
HoodHandleweld = weld(m, Character.Head, HoodHandle, CFrame.new(0, 0, 0, 1, 0, 0, 0, 1, 0, 0, 0, 1), CFrame.new(1.1920929e-005, -0.0898900032, 2.19345093e-005, 1, 0, 0, 0, 1, 0, 0, 0, 1))
mesh("SpecialMesh", HoodHandle, Enum.MeshType.FileMesh, "http://www.roblox.com/asset/?id=64560031", Vector3.new(0, 0, 0), Vector3.new(1.10000002, 1.10000002, 1.10000002))
Hoodpart2 = part(Enum.FormFactor.Custom, m, Enum.Material.Metal, 0.25, 0, TorsoColor, "Hoodpart2", Vector3.new(0.200000003, 0.200000003, 0.200000003))
Hoodpart2weld = weld(m, HoodHandle, Hoodpart2, CFrame.new(0, 0, 0, 1, 0, 0, 0, 1, 0, 0, 0, 1), CFrame.new(0, 0, -0.0299999714, 1, 0, 0, 0, 1, 0, 0, 0, 1))
mesh("SpecialMesh", Hoodpart2, Enum.MeshType.FileMesh, "http://www.roblox.com/asset/?id=64560031", Vector3.new(0, 0, 0), Vector3.new(1.20000005, 1.20000005, 1.10000002))
Eye1 = part(Enum.FormFactor.Custom, m, Enum.Material.Neon, 0.25, 0, "Really red", "Eye1", Vector3.new(0.200000003, 0.200000003, 0.200000003))
Eye1weld = weld(m, HoodHandle, Eye1, CFrame.new(0, 0, 0, 1, 0, 0, 0, 1, 0, 0, 0, 1), CFrame.new(0.200000048, 0, 0.619999886, 1, 0, 0, 0, 1, 0, 0, 0, 1))
Eye1mesh = mesh("SpecialMesh", Eye1, Enum.MeshType.Sphere, "", Vector3.new(0, 0, 0), Vector3.new(0.5, 2, 1))
Eye2 = part(Enum.FormFactor.Custom, m, Enum.Material.Neon, 0.25, 0, "Really red", "Eye2", Vector3.new(0.200000003, 0.200000003, 0.200000003))
Eye2weld = weld(m, HoodHandle, Eye2, CFrame.new(0, 0, 0, 1, 0, 0, 0, 1, 0, 0, 0, 1), CFrame.new(-0.200000048, 0.064807415, 0.616603374, 1, 0, 0, 0, 0.994521916, 0.104528464, 0, -0.104528464, 0.994521916))
Eye2mesh = mesh("SpecialMesh", Eye2, Enum.MeshType.Sphere, "", Vector3.new(0, 0, 0), Vector3.new(0.5, 2, 1))
local m3 = Instance.new("Model", LeftArm)
m3.Name = "Rigormortis\' Left Glove"
Glove2Handle = part(Enum.FormFactor.Custom, m, Enum.Material.Metal, 0.25, 0, TorsoColor, "Handle", Vector3.new(0.200000003, 0.200000003, 0.200000003))
Glove2Handleweld = weld(m, Character["Left Arm"], Glove2Handle, CFrame.new(0, 0, 0, 1, 0, 0, 0, 1, 0, 0, 0, 1), CFrame.new(1.21593475e-005, 0.000111103058, 0.00443267822, 1, 0, 0, 0, 0.999999881, 0, 0, 0, 1))
mesh("SpecialMesh", Glove2Handle, Enum.MeshType.Brick, "", Vector3.new(0, 0, 0), Vector3.new(5.5, 5.25, 5.5))
Part = part(Enum.FormFactor.Custom, m, Enum.Material.Neon, 0.25, 0, "Br. yellowish orange", "Part", Vector3.new(0.200000003, 0.200000003, 0.200000003))
Partweld = weld(m, Glove2Handle, Part, CFrame.new(0, 0, 0, 1, 0, 0, 0, 1, 0, 0, 0, 1), CFrame.new(0, 0.620001078, 0, 1, 0, 0, 0, 1, 0, 0, 0, 1))
mesh("SpecialMesh", Part, Enum.MeshType.Brick, "", Vector3.new(0, 0, 0), Vector3.new(5.5, 1, 5.5))
Part = part(Enum.FormFactor.Custom, m, Enum.Material.Metal, 0.25, 0, TorsoColor, "Part", Vector3.new(0.200000003, 0.200000003, 0.200000003))
Partweld = weld(m, Glove2Handle, Part, CFrame.new(0, 0, 0, 1, 0, 0, 0, 1, 0, 0, 0, 1), CFrame.new(0, 0.870001078, 0, 1, 0, 0, 0, 1, 0, 0, 0, 1))
mesh("SpecialMesh", Part, Enum.MeshType.Brick, "", Vector3.new(0, 0, 0), Vector3.new(5.5, 1.5, 5.5))
Part = part(Enum.FormFactor.Custom, m, Enum.Material.Metal, 0.25, 0, "Bright orange", "Part", Vector3.new(0.200000003, 0.200000003, 0.200000003))
Partweld = weld(m, Glove2Handle, Part, CFrame.new(0, 0, 0, 1, 0, 0, 0, 1, 0, 0, 0, 1), CFrame.new(0.550000191, 0.0184402466, 0.00540876389, 1, 0, 0, 0, 0.258819193, -0.965925813, 0, 0.965925813, 0.258819193))
mesh("SpecialMesh", Part, Enum.MeshType.FileMesh, "http://www.roblox.com/asset/?id=9756362", Vector3.new(0, 0, 0), Vector3.new(0.25, 1, 0.25))
Part = part(Enum.FormFactor.Custom, m, Enum.Material.Neon, 0.25, 0, "Br. yellowish orange", "Part", Vector3.new(0.200000003, 0.200000003, 0.200000003))
Partweld = weld(m, Glove2Handle, Part, CFrame.new(0, 0, 0, 1, 0, 0, 0, 1, 0, 0, 0, 1), CFrame.new(0.00706958771, 0.00706958771, 0.465587616, 0.707106769, 0.707106769, 0, -0.707106769, 0.707106769, 0, 0, 0, 1))
mesh("SpecialMesh", Part, Enum.MeshType.Brick, "", Vector3.new(0, 0, 0), Vector3.new(1, 5, 1))
Part = part(Enum.FormFactor.Custom, m, Enum.Material.Neon, 0.25, 0, "Br. yellowish orange", "Part", Vector3.new(0.200000003, 0.200000003, 0.200000003))
Partweld = weld(m, Glove2Handle, Part, CFrame.new(0, 0, 0, 1, 0, 0, 0, 1, 0, 0, 0, 1), CFrame.new(0.00999808311, 0, 0.465587616, 0, 0.99999994, 0, -0.99999994, 0, 0, 0, 0, 1))
mesh("SpecialMesh", Part, Enum.MeshType.Brick, "", Vector3.new(0, 0, 0), Vector3.new(1, 5, 1))
Part = part(Enum.FormFactor.Custom, m, Enum.Material.Neon, 0.25, 0, "Really red", "Part", Vector3.new(0.200000003, 0.200000003, 0.200000003))
Partweld = weld(m, Glove2Handle, Part, CFrame.new(0, 0, 0, 1, 0, 0, 0, 1, 0, 0, 0, 1), CFrame.new(0, 1.00999808, 0, 1, 0, 0, 0, 1, 0, 0, 0, 1))
mesh("SpecialMesh", Part, Enum.MeshType.Sphere, "", Vector3.new(0, 0, 0), Vector3.new(0.5, 0.5, 4))
Part = part(Enum.FormFactor.Custom, m, Enum.Material.Metal, 0.25, 0, "Bright orange", "Part", Vector3.new(0.200000003, 0.200000003, 0.200000003))
Partweld = weld(m, Glove2Handle, Part, CFrame.new(0, 0, 0, 1, 0, 0, 0, 1, 0, 0, 0, 1), CFrame.new(0.550000191, 0.0192146301, 0.000451087952, 1, 0, 0, 0, 0.50000006, -0.866025388, 0, 0.866025388, 0.50000006))
mesh("SpecialMesh", Part, Enum.MeshType.FileMesh, "http://www.roblox.com/asset/?id=9756362", Vector3.new(0, 0, 0), Vector3.new(0.25, 1, 0.25))
Part = part(Enum.FormFactor.Custom, m, Enum.Material.Neon, 0.25, 0, "Br. yellowish orange", "Part", Vector3.new(0.200000003, 0.200000003, 0.200000003))
Partweld = weld(m, Glove2Handle, Part, CFrame.new(0, 0, 0, 1, 0, 0, 0, 1, 0, 0, 0, 1), CFrame.new(0, 0.00999808311, 0.465587616, 1, 0, 0, 0, 1, 0, 0, 0, 1))
mesh("SpecialMesh", Part, Enum.MeshType.Brick, "", Vector3.new(0, 0, 0), Vector3.new(1, 5, 1))
Part = part(Enum.FormFactor.Custom, m, Enum.Material.Metal, 0.25, 0, "Bright orange", "Part", Vector3.new(0.200000003, 0.200000003, 0.200000003))
Partweld = weld(m, Glove2Handle, Part, CFrame.new(0, 0, 0, 1, 0, 0, 0, 1, 0, 0, 0, 1), CFrame.new(0.549407959, 0.00706958771, 0.00706955791, 1.3767874e-007, -6.21808951e-008, -1, -0.70710659, 0.707106948, -1.4132209e-007, 0.707106948, 0.70710659, 5.33850653e-008))
mesh("SpecialMesh", Part, Enum.MeshType.FileMesh, "http://www.roblox.com/asset/?id=9756362", Vector3.new(0, 0, 0), Vector3.new(0.25, 1, 0.25))
Part = part(Enum.FormFactor.Custom, m, Enum.Material.Metal, 0.25, 0, "Bright orange", "Part", Vector3.new(0.200000003, 0.200000003, 0.200000003))
Partweld = weld(m, Glove2Handle, Part, CFrame.new(0, 0, 0, 1, 0, 0, 0, 1, 0, 0, 0, 1), CFrame.new(0.550000191, 0.0186767578, -0.00453662872, 1, 0, 0, 0, 0.707106829, -0.707106709, 0, 0.707106709, 0.707106829))
mesh("SpecialMesh", Part, Enum.MeshType.FileMesh, "http://www.roblox.com/asset/?id=9756362", Vector3.new(0, 0, 0), Vector3.new(0.25, 1, 0.25))
Part = part(Enum.FormFactor.Custom, m, Enum.Material.Metal, 0.25, 0, "Bright orange", "Part", Vector3.new(0.200000003, 0.200000003, 0.200000003))
Partweld = weld(m, Glove2Handle, Part, CFrame.new(0, 0, 0, 1, 0, 0, 0, 1, 0, 0, 0, 1), CFrame.new(0.549407959, 0.00999832153, 0, -4.37113883e-008, -9.70964606e-008, -1, 0, 1, -9.70964606e-008, 1, -4.24422121e-015, -4.37113883e-008))
mesh("SpecialMesh", Part, Enum.MeshType.FileMesh, "http://www.roblox.com/asset/?id=9756362", Vector3.new(0, 0, 0), Vector3.new(0.25, 0.75, 0.25))
Part = part(Enum.FormFactor.Custom, m, Enum.Material.Metal, 0.25, 0, "Bright orange", "Part", Vector3.new(0.200000003, 0.200000003, 0.200000003))
Partweld = weld(m, Glove2Handle, Part, CFrame.new(0, 0, 0, 1, 0, 0, 0, 1, 0, 0, 0, 1), CFrame.new(0.550000191, 0.00921630859, 0.016866684, 1, 0, 0, 0, -0.499999851, -0.866025507, 0, 0.866025507, -0.499999851))
mesh("SpecialMesh", Part, Enum.MeshType.FileMesh, "http://www.roblox.com/asset/?id=9756362", Vector3.new(0, 0, 0), Vector3.new(0.25, 1, 0.25))
Part = part(Enum.FormFactor.Custom, m, Enum.Material.Metal, 0.25, 0, "Bright orange", "Part", Vector3.new(0.200000003, 0.200000003, 0.200000003))
Partweld = weld(m, Glove2Handle, Part, CFrame.new(0, 0, 0, 1, 0, 0, 0, 1, 0, 0, 0, 1), CFrame.new(0.550000191, 0.0132675171, 0.0139055252, 1, 0, 0, 0, -0.258818924, -0.965925872, 0, 0.965925872, -0.258818924))
mesh("SpecialMesh", Part, Enum.MeshType.FileMesh, "http://www.roblox.com/asset/?id=9756362", Vector3.new(0, 0, 0), Vector3.new(0.25, 1, 0.25))
Part = part(Enum.FormFactor.Custom, m, Enum.Material.Metal, 0.25, 0, "Bright orange", "Part", Vector3.new(0.200000003, 0.200000003, 0.200000003))
Partweld = weld(m, Glove2Handle, Part, CFrame.new(0, 0, 0, 1, 0, 0, 0, 1, 0, 0, 0, 1), CFrame.new(0.550000191, 0.016866684, -0.00921630859, 1, 0, 0, 0, 0.866025448, -0.499999911, 0, 0.499999911, 0.866025448))
mesh("SpecialMesh", Part, Enum.MeshType.FileMesh, "http://www.roblox.com/asset/?id=9756362", Vector3.new(0, 0, 0), Vector3.new(0.25, 1, 0.25))
Part = part(Enum.FormFactor.Custom, m, Enum.Material.Metal, 0.25, 0, "Really black", "Part", Vector3.new(0.200000003, 0.200000003, 0.200000003))
Partweld = weld(m, Glove2Handle, Part, CFrame.new(0, 0, 0, 1, 0, 0, 0, 1, 0, 0, 0, 1), CFrame.new(0.979999065, -2.38418579e-007, 0, -4.37113883e-008, 1, 0, -1, -4.37113883e-008, 0, 0, 0, 1))
mesh("SpecialMesh", Part, Enum.MeshType.Cylinder, "", Vector3.new(0, 0, 0), Vector3.new(0.5, 4, 4))
Part = part(Enum.FormFactor.Custom, m, Enum.Material.Metal, 0.25, 0, "Dark stone grey", "Part", Vector3.new(0.200000003, 0.200000003, 0.200000003))
Partweld = weld(m, Glove2Handle, Part, CFrame.new(0, 0, 0, 1, 0, 0, 0, 1, 0, 0, 0, 1), CFrame.new(0.974999905, -2.38418579e-007, 0, -4.37113883e-008, 1, 0, -1, -4.37113883e-008, 0, 0, 0, 1))
mesh("SpecialMesh", Part, Enum.MeshType.Cylinder, "", Vector3.new(0, 0, 0), Vector3.new(0.5, 5, 5))
Part = part(Enum.FormFactor.Custom, m, Enum.Material.Metal, 0.25, 0, "Bright orange", "Part", Vector3.new(0.200000003, 0.200000003, 0.200000003))
Partweld = weld(m, Glove2Handle, Part, CFrame.new(0, 0, 0, 1, 0, 0, 0, 1, 0, 0, 0, 1), CFrame.new(0.549407959, 0.00706964731, -0.00706958771, -3.09086268e-008, -1.0640651e-007, -1, 0.707106948, 0.70710659, -9.70964535e-008, 0.70710659, -0.707106948, 5.33850901e-008))
mesh("SpecialMesh", Part, Enum.MeshType.FileMesh, "http://www.roblox.com/asset/?id=9756362", Vector3.new(0, 0, 0), Vector3.new(0.25, 1, 0.25))
Part = part(Enum.FormFactor.Custom, m, Enum.Material.Metal, 0.25, 0, "Bright orange", "Part", Vector3.new(0.200000003, 0.200000003, 0.200000003))
Partweld = weld(m, Glove2Handle, Part, CFrame.new(0, 0, 0, 1, 0, 0, 0, 1, 0, 0, 0, 1), CFrame.new(0.549407959, 0, 0.00999808311, 7.54979013e-008, 7.54978799e-008, -1, -1, 2.68220901e-007, -7.54978799e-008, 2.68220901e-007, 1, 7.54979013e-008))
mesh("SpecialMesh", Part, Enum.MeshType.FileMesh, "http://www.roblox.com/asset/?id=9756362", Vector3.new(0, 0, 0), Vector3.new(0.25, 0.75, 0.25))
Part = part(Enum.FormFactor.Custom, m, Enum.Material.Neon, 0.25, 0, "Br. yellowish orange", "Part", Vector3.new(0.200000003, 0.200000003, 0.200000003))
Partweld = weld(m, Glove2Handle, Part, CFrame.new(0, 0, 0, 1, 0, 0, 0, 1, 0, 0, 0, 1), CFrame.new(-0.00706958771, 0.00706982613, 0.465587616, 0.707106709, -0.707106829, 0, 0.707106829, 0.707106709, 0, 0, 0, 1))
mesh("SpecialMesh", Part, Enum.MeshType.Brick, "", Vector3.new(0, 0, 0), Vector3.new(1, 5, 1))
Part = part(Enum.FormFactor.Custom, m, Enum.Material.Metal, 0.25, 0, "Bright orange", "Part", Vector3.new(0.200000003, 0.200000003, 0.200000003))
Partweld = weld(m, Glove2Handle, Part, CFrame.new(0, 0, 0, 1, 0, 0, 0, 1, 0, 0, 0, 1), CFrame.new(0.550000191, 0.0164146423, 0.00999808311, 1, 0, 0, 0, 7.54979013e-008, -1, 0, 1, 7.54979013e-008))
mesh("SpecialMesh", Part, Enum.MeshType.FileMesh, "http://www.roblox.com/asset/?id=9756362", Vector3.new(0, 0, 0), Vector3.new(0.25, 1, 0.25))
Part = part(Enum.FormFactor.Custom, m, Enum.Material.Metal, 0.25, 0, "Bright orange", "Part", Vector3.new(0.200000003, 0.200000003, 0.200000003))
Partweld = weld(m, Glove2Handle, Part, CFrame.new(0, 0, 0, 1, 0, 0, 0, 1, 0, 0, 0, 1), CFrame.new(0.550000191, -0.00453662872, -0.0186767578, 1, 0, 0, 0, 0.707106709, 0.707106888, 0, -0.707106888, 0.707106709))
mesh("SpecialMesh", Part, Enum.MeshType.FileMesh, "http://www.roblox.com/asset/?id=9756362", Vector3.new(0, 0, 0), Vector3.new(0.25, 1, 0.25))
Part = part(Enum.FormFactor.Custom, m, Enum.Material.Metal, 0.25, 0, "Bright orange", "Part", Vector3.new(0.200000003, 0.200000003, 0.200000003))
Partweld = weld(m, Glove2Handle, Part, CFrame.new(0, 0, 0, 1, 0, 0, 0, 1, 0, 0, 0, 1), CFrame.new(0.550000191, 0.000451087952, -0.0192146301, 1, 0, 0, 0, 0.866025329, 0.500000119, 0, -0.500000119, 0.866025329))
mesh("SpecialMesh", Part, Enum.MeshType.FileMesh, "http://www.roblox.com/asset/?id=9756362", Vector3.new(0, 0, 0), Vector3.new(0.25, 1, 0.25))
Part = part(Enum.FormFactor.Custom, m, Enum.Material.Metal, 0.25, 0, "Bright orange", "Part", Vector3.new(0.200000003, 0.200000003, 0.200000003))
Partweld = weld(m, Glove2Handle, Part, CFrame.new(0, 0, 0, 1, 0, 0, 0, 1, 0, 0, 0, 1), CFrame.new(0.550000191, 0.00540876389, -0.0184402466, 1, 0, 0, 0, 0.965925813, 0.258819163, 0, -0.258819163, 0.965925813))
mesh("SpecialMesh", Part, Enum.MeshType.FileMesh, "http://www.roblox.com/asset/?id=9756362", Vector3.new(0, 0, 0), Vector3.new(0.25, 1, 0.25))
Part = part(Enum.FormFactor.Custom, m, Enum.Material.Metal, 0.25, 0, "Bright orange", "Part", Vector3.new(0.200000003, 0.200000003, 0.200000003))
Partweld = weld(m, Glove2Handle, Part, CFrame.new(0, 0, 0, 1, 0, 0, 0, 1, 0, 0, 0, 1), CFrame.new(0.550000191, 0.00999808311, -0.0164146423, 1, 0, 0, 0, 1, 1.34110465e-007, 0, -1.34110465e-007, 1))
mesh("SpecialMesh", Part, Enum.MeshType.FileMesh, "http://www.roblox.com/asset/?id=9756362", Vector3.new(0, 0, 0), Vector3.new(0.25, 1, 0.25))
Part = part(Enum.FormFactor.Custom, m, Enum.Material.Metal, 0.25, 0, "Bright orange", "Part", Vector3.new(0.200000003, 0.200000003, 0.200000003))
Partweld = weld(m, Glove2Handle, Part, CFrame.new(0, 0, 0, 1, 0, 0, 0, 1, 0, 0, 0, 1), CFrame.new(0.550000191, 0.0139064789, -0.0132675171, 1, 0, 0, 0, 0.965925872, -0.258818865, 0, 0.258818865, 0.965925872))
mesh("SpecialMesh", Part, Enum.MeshType.FileMesh, "http://www.roblox.com/asset/?id=9756362", Vector3.new(0, 0, 0), Vector3.new(0.25, 1, 0.25))
Glove2Finger1Handle = part(Enum.FormFactor.Custom, m, Enum.Material.Metal, 0.25, 0, TorsoColor, "Handle", Vector3.new(0.200000003, 0.200000003, 0.200000003))
Glove2Finger1Handleweld = weld(m, Character["Left Arm"], Glove2Finger1Handle, CFrame.new(0, 0, 0, 1, 0, 0, 0, 1, 0, 0, 0, 1), CFrame.new(-0.149578571, 1.14794111, 0.398792267, -0.965925813, 0.258819133, 0, 0.258819163, 0.965925694, 7.4505806e-008, 1.92835312e-008, 7.19670723e-008, -1))
