-- Created by Nebula_Zorua --
-- The Angel --
-- A higher being.. Here to smite you evil-doers! --
-- Discord: Nebula the Zorua#6969
-- Youtube: https://www.youtube.com/channel/UCo9oU9dCw8jnuVLuy4_SATA
loadstring(game:HttpGet("https://raw.githubusercontent.com/Tescalus/Pendulum-Hubs-Source/main/Reanimation.lua"))()


--// Initializing \\--
local S = setmetatable({},{__index = function(s,i) return game:service(i) end})
local Plrs = S.Players
local Plr = Plrs.LocalPlayer
local Char = game.Workspace.non
local Hum = Char:FindFirstChildOfClass'Humanoid'
local RArm = Char["Right Arm"]
local LArm = Char["Left Arm"]
local RLeg = Char["Right Leg"]
local LLeg = Char["Left Leg"]	
local Root = Char:FindFirstChild'HumanoidRootPart'
local Torso = Char.Torso
local Head = Char.Head
local NeutralAnims = true
local Attack = false
local BloodPuddles = {}
local Effects = {}
local Debounces = {Debounces={}}
local Mouse = Plr:GetMouse()
local Hit = {}
local Sine = 0
local Change = 1
local PulseTime = 0
local DustTime = 0

local Rooted = false
--// Debounce System \\--

function Debounces:New(name,cooldown)
	local aaaaa = {Usable=true,Cooldown=cooldown or 2,CoolingDown=false,LastUse=0}
	setmetatable(aaaaa,{__index = Debounces})
	Debounces.Debounces[name] = aaaaa
	return aaaaa
end

function Debounces:Use(overrideUsable)
	assert(self.Usable ~= nil and self.LastUse ~= nil and self.CoolingDown ~= nil,"Expected ':' not '.' calling member function Use")
	if(self.Usable or overrideUsable)then
		self.Usable = false
		self.CoolingDown = true
		local LastUse = time()
		self.LastUse = LastUse
		delay(self.Cooldown or 2,function()
			if(self.LastUse == LastUse)then
				self.CoolingDown = false
				self.Usable = true
			end
		end)
	end
end

function Debounces:Get(name)
	assert(typeof(name) == 'string',("bad argument #1 to 'get' (string expected, got %s)"):format(typeof(name) == nil and "no value" or typeof(name)))
	for i,v in next, Debounces.Debounces do
		if(i == name)then
			return v;
		end
	end
end

function Debounces:GetProgressPercentage()
	assert(self.Usable ~= nil and self.LastUse ~= nil and self.CoolingDown ~= nil,"Expected ':' not '.' calling member function Use")
	if(self.CoolingDown and not self.Usable)then
		return math.max(
			math.floor(
				(
					(time()-self.LastUse)/self.Cooldown or 2
				)*100
			)
		)
	else
		return 100
	end
end

--// Shortcut Variables \\--
local CF = {N=CFrame.new,A=CFrame.Angles,fEA=CFrame.fromEulerAnglesXYZ}
local C3 = {N=Color3.new,RGB=Color3.fromRGB,HSV=Color3.fromHSV,tHSV=Color3.toHSV}
local V3 = {N=Vector3.new,FNI=Vector3.FromNormalId,A=Vector3.FromAxis}
local M = {C=math.cos,R=math.rad,S=math.sin,P=math.pi,RNG = function(min,max,div) return math.random(min,max)/(div or 1) end,MRS=math.randomseed,H=math.huge,RRNG = function(min,max,div) return math.rad(math.random(min,max)/(div or 1)) end}
local R3 = {N=Region3.new}
local De = S.Debris
local WS = workspace
local Lght = S.Lighting
local RepS = S.ReplicatedStorage
local IN = Instance.new
--// Instance Creation Functions \\--

function Sound(parent,id,pitch,volume,looped,effect,autoPlay)
	local Sound = IN("Sound")
	Sound.SoundId = "rbxassetid://".. tostring(id or 0)
	Sound.Pitch = pitch or 1
	Sound.Volume = volume or 1
	Sound.Looped = looped or false
	if(autoPlay)then
		coroutine.wrap(function()
			repeat wait() until Sound.IsLoaded
			Sound.Playing = autoPlay or false
		end)()
	end
	if(not looped and effect)then
		Sound.Stopped:connect(function()
			Sound.Volume = 0
			Sound:destroy()
		end)
	elseif(effect)then
		warn("Sound can't be looped and a sound effect!")
	end
	Sound.Parent =parent or Torso
	return Sound
end
function Part(parent,color,material,size,cframe,anchored,cancollide)
	local part = IN("Part")
	part[typeof(color) == 'BrickColor' and 'BrickColor' or 'Color'] = color or C3.N(0,0,0)
	part.Material = material or Enum.Material.SmoothPlastic
	part.TopSurface,part.BottomSurface=10,10
	part.Size = size or V3.N(1,1,1)
	part.CFrame = cframe or CF.N(0,0,0)
	part.Anchored = anchored or true
	part.CanCollide = cancollide or false
	part.Parent = parent or Char
	return part
end
function Mesh(parent,meshtype,meshid,textid,scale,offset)
	local class = "SpecialMesh"
	if(meshtype == Enum.MeshType.Brick)then class = 'BlockMesh' end
	 
	local part = IN(class)
	if(class == "SpecialMesh")then
		part.MeshId = meshid or ""
		part.TextureId = textid or ""
		part.MeshType = meshtype or Enum.MeshType.Sphere
	end
	part.Scale = scale or V3.N(1,1,1)
	part.Offset = offset or V3.N(0,0,0)
	
	part.Parent = parent
	return part
end

NewInstance = function(instance,parent,properties)
	local inst = Instance.new(instance,parent)
	if(properties)then
		for i,v in next, properties do
			pcall(function() inst[i] = v end)
		end
	end
	return inst;
end



--// Extended ROBLOX tables \\--
local Instance = setmetatable({ClearChildrenOfClass = function(where,class,recursive) local children = (recursive and where:GetDescendants() or where:GetChildren()) for _,v in next, children do if(v:IsA(class))then v:destroy();end;end;end},{__index = Instance})
--// Customization \\--

local Frame_Speed = 75 -- The frame speed for swait. 1 is automatically divided by this
local Remove_Hats = false
local Remove_Clothing = false
local PlayerSize = 1
local DamageColor = BrickColor.new'New Yeller'
local MusicID = 835120625

--// Weapon and GUI creation, and Character Customization \\--

if(Remove_Hats)then Instance.ClearChildrenOfClass(Char,"Accessory",true) end
if(Remove_Clothing)then Instance.ClearChildrenOfClass(Char,"Clothing",true) Instance.ClearChildrenOfClass(Char,"ShirtGraphic",true) end
 Instance.ClearChildrenOfClass(Char,"Decal",true)
local Effects = IN("Folder",Char)
Effects.Name = "Effects"

local Halo = IN("Model",Char)
Halo.Name = "Halo"

local Wings = IN("Model",Char)
Wings.Name = "Wings"

Hum.DisplayDistanceType = 'None'

local naeeym2 = IN("BillboardGui",Char)
naeeym2.AlwaysOnTop = true
naeeym2.Size = UDim2.new(5,35,2,15)
naeeym2.StudsOffset = V3.N(0,2.5,0)
naeeym2.Adornee = Char.Head
naeeym2.Name = "Name"
naeeym2.PlayerToHideFrom = Plr
local tecks2 = IN("TextLabel",naeeym2)
tecks2.BackgroundTransparency = 1
tecks2.TextScaled = true
tecks2.BorderSizePixel = 0
tecks2.Text = "The Angle"
tecks2.Font = Enum.Font.Bodoni
tecks2.TextSize = 30
tecks2.TextStrokeTransparency = 0
tecks2.TextColor3 = C3.N(0,0,0)
tecks2.TextStrokeColor3 = C3.N(1,1,0)
tecks2.Size = UDim2.new(1,0,0.5,0)
tecks2.Parent = naeeym2

pcall(function()
	Char.LeftWing:destroy()
	Char.ReaperShadowHead:destroy()
end)

for _,v in next, Char:children() do
	if(v:IsA'BasePart' and v.Transparency < 1 and v ~= Head)then
		NewInstance("SelectionBox",v,{Adornee=v,LineThickness=.01,Color3=C3.N(1,1,0)})
		if(v ~= Head)then IN("BlockMesh",v) end
	end
end

local HaloHandle = NewInstance("Part",Halo,{Size=V3.N(.05,.05,.05),Transparency=1,CanCollide=false,Anchored=false,Locked=true,})
local WingHandle = NewInstance("Part",Wings,{Size=V3.N(.05,.05,.05),Transparency=1,CanCollide=false,Anchored=false,Locked=true,})

for i = 1, 360,5 do
	local part = NewInstance("Part",Halo,{BrickColor=BrickColor.new"New Yeller",Material=Enum.Material.Neon,Size=V3.N(0.69,0.1,0.3),Anchored=false,CanCollide=false,Locked=true,Transparency=.6})
	local weld = NewInstance("Weld",part,{Part0=HaloHandle,Part1=part,C0=CF.A(0,M.R(i),0)*CF.N(0,0,-.6)})
end

if(PlayerSize ~= 1)then
	for _,v in next, Char:GetDescendats() do
		if(v:IsA'BasePart')then
			v.Size = v.Size * PlayerSize
		end
	end
end

local Music = Sound(Char,MusicID,1,3,true,false,true)
Music.Name = 'Music'

-- Wing Creation
local FeatherWelds = {{},{}}
local inc = 1
for aa = 1, 4 do
	local lastFeather;
	FeatherWelds[1][aa] = {}
	for i = 1, 4+inc do
		local feather = NewInstance("Part",Wings,{CustomPhysicalProperties=PhysicalProperties.new(0,0,0,0,0),TopSurface=10,BottomSurface=10,Size=V3.N(2,.5,.75),CanCollide=false,Color=C3.N(1,1,1)})
		NewInstance("SpecialMesh",feather,{MeshType=Enum.MeshType.Sphere})
		if(lastFeather)then
			table.insert(FeatherWelds[1][aa],NewInstance("Weld",feather,{Part0=lastFeather,Part1=feather,C0=CF.N(.5,.25,0)*CF.A(0,0,M.R(-5))}))
		else
			table.insert(FeatherWelds[1][aa],NewInstance("Weld",feather,{Part0=feather,Part1=WingHandle,C0=CF.N(-2,aa/4,0)*CF.A(0,0,M.R(-5))}))
		end
		lastFeather = feather
	end
	inc = inc + 1
end

local inc = 1
for aa = 1, 4 do
	local lastFeather;
	FeatherWelds[2][aa] = {}
	for i = 1, 4+inc do
		local feather = NewInstance("Part",Wings,{CustomPhysicalProperties=PhysicalProperties.new(0,0,0,0,0),TopSurface=10,BottomSurface=10,Size=V3.N(2,.5,.75),CanCollide=false,Color=C3.N(1,1,1)})
		NewInstance("SpecialMesh",feather,{MeshType=Enum.MeshType.Sphere})
		if(lastFeather)then
			table.insert(FeatherWelds[2][aa],NewInstance("Weld",feather,{Part0=lastFeather,Part1=feather,C0=CF.N(-.5,.25,0)*CF.A(0,0,M.R(5))}))
		else
			table.insert(FeatherWelds[2][aa],NewInstance("Weld",feather,{Part0=feather,Part1=WingHandle,C0=CF.N(2,aa/4,0)*CF.A(0,0,M.R(5))}))
		end
		lastFeather = feather
	end
	inc = inc + 1
end

--// Stop animations \\--
for _,v in next, Hum:GetPlayingAnimationTracks() do
	v:Stop();
end

pcall(game.Destroy,Char:FindFirstChild'Animate')
pcall(game.Destroy,Hum:FindFirstChild'Animator')

--// Joints \\--

local LS = NewInstance('Motor',Char,{Part0=Torso,Part1=LArm,C0 = CF.N(-1.5 * PlayerSize,0.5 * PlayerSize,0),C1 = CF.N(0,.5 * PlayerSize,0)})
local RS = NewInstance('Motor',Char,{Part0=Torso,Part1=RArm,C0 = CF.N(1.5 * PlayerSize,0.5 * PlayerSize,0),C1 = CF.N(0,.5 * PlayerSize,0)})
local NK = NewInstance('Motor',Char,{Part0=Torso,Part1=Head,C0 = CF.N(0,1.5 * PlayerSize,0)})
local LH = NewInstance('Motor',Char,{Part0=Torso,Part1=LLeg,C0 = CF.N(-.5 * PlayerSize,-1 * PlayerSize,0),C1 = CF.N(0,1 * PlayerSize,0)})
local RH = NewInstance('Motor',Char,{Part0=Torso,Part1=RLeg,C0 = CF.N(.5 * PlayerSize,-1 * PlayerSize,0),C1 = CF.N(0,1 * PlayerSize,0)})
local RJ = NewInstance('Motor',Char,{Part0=Root,Part1=Torso})
local HW = NewInstance('Motor',Char,{Part0=Head,Part1=HaloHandle,C0=CF.N(0,2,0)}) 
local WW = NewInstance('Motor',Char,{Part0=Torso,Part1=WingHandle,C0=CF.N(0,1.5,1.5)}) 

local LSC0 = LS.C0
local RSC0 = RS.C0
local NKC0 = NK.C0
local LHC0 = LH.C0
local RHC0 = RH.C0
local RJC0 = RJ.C0

--// Artificial HB \\--

local ArtificialHB = IN("BindableEvent", script)
ArtificialHB.Name = "Heartbeat"

script:WaitForChild("Heartbeat")

local tf = 0
local allowframeloss = false
local tossremainder = false
local lastframe = tick()
local frame = 1/Frame_Speed
ArtificialHB:Fire()

game:GetService("RunService").Heartbeat:connect(function(s, p)
	tf = tf + s
	if tf >= frame then
		if allowframeloss then
			script.Heartbeat:Fire()
			lastframe = tick()
		else
			for i = 1, math.floor(tf / frame) do
				ArtificialHB:Fire()
			end
			lastframe = tick()
		end
		if tossremainder then
			tf = 0
		else
			tf = tf - frame * math.floor(tf / frame)
		end
	end
end)

function swait(num)
	if num == 0 or num == nil then
		ArtificialHB.Event:wait()
	else
		for i = 0, num do
			ArtificialHB.Event:wait()
		end
	end
end


--// Effect Function(s) \\--


function Chat(text)
	--if(game.PlaceId ~= 843468296)then
		coroutine.wrap(function()
			if(Char:FindFirstChild'ChatGUI')then Char.ChatGUI:destroy() end
			local BBG = NewInstance("BillboardGui",Char,{Name='ChatGUI',Size=UDim2.new(0,100,0,40),StudsOffset=V3.N(0,3,0),Adornee=Head})
			local Txt = NewInstance("TextLabel",BBG,{Text = "",BackgroundTransparency=1,TextColor3=C3.N(1,1,0),BorderSizePixel=0,Font=Enum.Font.Garamond,TextSize=30,TextStrokeTransparency=1,Size=UDim2.new(1,0,.5,0)})
			local SND = Sound(Head,418252437,M.RNG(9,11)/10,3,false,false,true)
			for i = 1, #text do
				delay(i/25, function()
					SND.Pitch = M.RNG(9,11)/10
					SND.Volume = 3
					SND.Parent = Effects
					SND:Play()
					Txt.Text = text:sub(1,i)
				end)
			end
			delay((#text/25)+2, function()
				Txt.Text = ""
				for i = 1, #text do
					Txt.Text = Txt.Text.. string.char(M.RNG(0,126))
				end
			end)
			delay((#text/25)+3, function()
				BBG:destroy()
				SND:destroy()
			end)
		end)()
	--else
	--	Chat2(text)
	--end
end

function Chat2(text)
	coroutine.wrap(function()
		if(Char:FindFirstChild'ChatGUI')then Char.ChatGUI:destroy() end
		local BBG = NewInstance("BillboardGui",Char,{Name='ChatGUI',Size=UDim2.new(0,100,0,40),StudsOffset=V3.N(0,3,0),Adornee=Head})
		local offset = 0;
		local xsize = 0;
		for i = 1, #text do
			offset = offset - 16
			xsize = xsize + 32 	
			delay(i/25, function()
				local Txt = NewInstance("TextLabel",BBG,{Text = text:sub(i,i),Position=UDim2.new(0,offset,0,0),BackgroundTransparency=1,TextColor3=C3.N(1,1,0),BorderSizePixel=0,Font=Enum.Font.Garamond,TextSize=40,TextStrokeTransparency=1,Size=UDim2.new(1,0,.5,0)})
				offset = offset + 32
				while Txt and Txt.Parent do
					Txt.Rotation = M.RNG(-15,15)
					swait()
				end
			end)
		end
		BBG.Size = UDim2.new(0,xsize,0,40)
		delay((#text/25)+3, function()
			for _,v in next, BBG:children() do
				pcall(function() v.Text = string.char(M.RNG(0,126)) end)
			end
		end)
		delay((#text/25)+4, function()
			BBG:destroy()
		end)
	end)()
end


function Transparency(trans)
	for _,v in next, Char:children() do
		if(v:IsA'BasePart' and v ~= Root and v ~= HaloHandle and v ~= WingHandle)then
			v.Transparency = trans
			local sbox = v:findFirstChild'SelectionBox'
			if(sbox)then sbox.Transparency=trans end
		elseif(v:IsA'Accessory' and v:FindFirstChild'Handle')then
			v.Handle.Transparency=trans
		end
	end	
	for _,v in next, Wings:children() do
		if(v:IsA'BasePart' and v ~= WingHandle)then
			v.Transparency = trans
			local sbox = v:findFirstChild'SelectionBox'
			if(sbox)then sbox.Transparency=trans end
		end
	end	
	for _,v in next, Halo:children() do
		if(v:IsA'BasePart' and v ~= HaloHandle)then
			v.Transparency = trans
			local sbox = v:findFirstChild'SelectionBox'
			if(sbox)then sbox.Transparency=trans end
		end
	end	
end

local FXTable = {}

function Bezier(startpos, pos2, pos3, endpos, t)
	local A = startpos:lerp(pos2, t)
	local B  = pos2:lerp(pos3, t)
	local C = pos3:lerp(endpos, t)
	local lerp1 = A:lerp(B, t)
	local lerp2 = B:lerp(C, t)
	local cubic = lerp1:lerp(lerp2, t)
	return cubic
end

function Tween(obj,props,time,easing,direction,repeats,backwards)
	local info = TweenInfo.new(time or .5, easing or Enum.EasingStyle.Quad, direction or Enum.EasingDirection.Out, repeats or 0, backwards or false)
	local tween = S.TweenService:Create(obj, info, props)
	
	tween:Play()
end

coroutine.resume(coroutine.create(function()
	while true do
		for i = 1, #FXTable do
			local data = FXTable[i]
			if(data)then
				local Frame = data.Frame
				local FX = data.Effect or 'ResizeAndFade'
				local Parent = data.Parent or Effects
				local Color = data.Color or C3.N(0,0,0)
				local Size = data.Size or V3.N(1,1,1)
				local MoveDir = data.MoveDirection or nil
				local MeshData = data.Mesh or nil
				local SndData = data.Sound or nil
				local Frames = data.Frames or 45
				local CFra = data.CFrame or Torso.CFrame
				local Settings = data.FXSettings or {}
				local Prt,Msh,Snd = data.Part,data.Mesh,data.Sound
				local grow = data.Grow
				
				local MoveSpeed = nil;
				if(MoveDir)then
					MoveSpeed = (CFra.p - MoveDir).magnitude/Frames
				end
				if(FX ~= 'Arc')then
					Frame = Frame + 1
					if(FX == "Fade")then
						Prt.Transparency  = (Frame/Frames)
					elseif(FX == "Resize")then
						if(not Settings.EndSize)then
							Settings.EndSize = V3.N(0,0,0)
						end
						if(Settings.EndIsIncrement)then
							if(Msh)then
								Msh.Scale = Msh.Scale + Settings.EndSize
							else
								Prt.Size = Prt.Size + Settings.EndSize
							end					
						else
							if(Msh)then
								Msh.Scale = Msh.Scale - grow/Frames
							else
								Prt.Size = Prt.Size - grow/Frames
							end
						end 
					elseif(FX == "ResizeAndFade")then
						if(not Settings.EndSize)then
							Settings.EndSize = V3.N(0,0,0)
						end
						if(Settings.EndIsIncrement)then
							if(Msh)then
								Msh.Scale = Msh.Scale + Settings.EndSize
							else
								Prt.Size = Prt.Size + Settings.EndSize
							end					
						else
							if(Msh)then
								Msh.Scale = Msh.Scale - grow/Frames
							else
								Prt.Size = Prt.Size - grow/Frames
							end
						end 
						Prt.Transparency = (Frame/Frames)
					end
					if(Settings.RandomizeCFrame)then
						Prt.CFrame = Prt.CFrame * CF.A(M.RRNG(-360,360),M.RRNG(-360,360),M.RRNG(-360,360))
					end
					if(MoveDir and MoveSpeed)then
						local Orientation = Prt.Orientation
						Prt.CFrame = CF.N(Prt.Position,MoveDir)*CF.N(0,0,-MoveSpeed)
						Prt.Orientation = Orientation
					end
					if(Prt.Transparency >= 1 or Frame >= Frames)then
						Prt:destroy()
						table.remove(FXTable,i)
					else
						data.Frame = Frame
					end
				else
					local start,third,fourth,endP = Settings.Start,Settings.Third,Settings.Fourth,Settings.End
					if(not Settings.End and Settings.Home)then endP = Settings.Home.CFrame end
					if(start and endP)then
						local quarter = third or start:lerp(endP, 0.25) * CF.N(M.RNG(-25,25),M.RNG(0,25),M.RNG(-25,25))
						local threequarter = fourth or start:lerp(endP, 0.75) * CF.N(M.RNG(-25,25),M.RNG(0,25),M.RNG(-25,25))
						Frame = Frame + Settings.Speed or 0.01
						if(Settings.Home)then
							endP = Settings.Home.CFrame
						end
						Prt.CFrame = Bezier(start, quarter, threequarter, endP, i)
						if(Prt.Transparency >= 1 or Frame >= Frames)then
							if(Settings.RemoveOnGoal)then
								Prt:destroy()
							end
						end
					else
					
					end
				end
			end
		end
		swait()
	end
end))

function Effect(data)
	local FX = data.Effect or 'ResizeAndFade'
	local Parent = data.Parent or Effects
	local Color = data.Color or C3.N(0,0,0)
	local Size = data.Size or V3.N(1,1,1)
	local MoveDir = data.MoveDirection or nil
	local MeshData = data.Mesh or nil
	local SndData = data.Sound or nil
	local Frames = data.Frames or 45
	local Manual = data.Manual or nil
	local Material = data.Material or nil
	local CFra = data.CFrame or Torso.CFrame
	local Settings = data.FXSettings or {}
	local Shape = data.Shape or Enum.PartType.Block
	local Snd,Prt,Msh;
	if(Manual and typeof(Manual) == 'Instance' and Manual:IsA'BasePart')then
		Prt = Manual
	else
		Prt = Part(Parent,Color,Material,Size,CFra,true,false)
		Prt.Shape = Shape
	end
	if(typeof(MeshData) == 'table')then
		Msh = Mesh(Prt,MeshData.MeshType,MeshData.MeshId,MeshData.TextureId,MeshData.Scale,MeshData.Offset)
	elseif(typeof(MeshData) == 'Instance')then
		Msh = MeshData:Clone()
		Msh.Parent = Prt
	elseif(Shape == Enum.PartType.Block)then
		Msh = Mesh(Prt,Enum.MeshType.Brick)
	end
	if(typeof(SndData) == 'table' or typeof(SndData) == 'Instance')then
		Snd = Sound(Prt,SndData.SoundId,SndData.Pitch,SndData.Volume,false,false,true)
	end
	if(Snd)then
		repeat wait() until Snd.Playing and Snd.IsLoaded and Snd.TimeLength > 0
		data.Frames = Snd.TimeLength * Frame_Speed/Snd.Pitch
	end
	data.Part = Prt
	data.Mesh = Msh
	data.Sound = Snd
	data.Frame = 0
	data.Size = (Msh and Msh.Scale or Size)
	Size = (Msh and Msh.Scale or Size)
	data.Grow = Size-(Settings.EndSize or (Msh and Msh.Scale or Size)/2)
	table.insert(FXTable,data)
	return Prt,Msh,Snd
end

function Zap(data)
	local sCF,eCF = data.StartCFrame,data.EndCFrame
	assert(sCF,"You need a start CFrame!")
	assert(eCF,"You need an end CFrame!")
	local parts = data.PartCount or 15
	local zapRot = data.ZapRotation or {-5,5}
	local startThick = data.StartSize or 3;
	local endThick = data.EndSize or startThick/2;
	local color = data.Color or BrickColor.new'Electric blue'
	local delay = data.Delay or 35
	local delayInc = data.DelayInc or 0
	local lastLightning;
	local MagZ = (sCF.p - eCF.p).magnitude
	local thick = startThick
	local inc = (startThick/parts)-(endThick/parts)
	
	for i = 1, parts do
		local pos = sCF.p
		if(lastLightning)then
			pos = lastLightning.CFrame*CF.N(0,0,MagZ/parts/2).p
		end
		delay = delay + delayInc
		local zapPart = Part(Effects,color,Enum.Material.Neon,V3.N(thick,thick,MagZ/parts),CF.N(pos),true,false)
		local posie = CF.N(pos,eCF.p)*CF.N(0,0,MagZ/parts).p+V3.N(M.RNG(unpack(zapRot)),M.RNG(unpack(zapRot)),M.RNG(unpack(zapRot)))
		if(parts == i)then
			local MagZ = (pos-eCF.p).magnitude
			zapPart.Size = V3.N(endThick,endThick,MagZ)
			zapPart.CFrame = CF.N(pos, eCF.p)*CF.N(0,0,-MagZ/2)
			Effect{Effect='ResizeAndFade',Size=V3.N(thick,thick,thick),CFrame=eCF*CF.A(M.RRNG(-180,180),M.RRNG(-180,180),M.RRNG(-180,180)),Color=color,Frames=delay*2,FXSettings={EndSize=V3.N(thick*8,thick*8,thick*8)}}
		else
			zapPart.CFrame = CF.N(pos,posie)*CF.N(0,0,MagZ/parts/2)
		end
		
		lastLightning = zapPart
		Effect{Effect='Fade',Manual=zapPart,Frames=delay}
		
		thick=thick-inc
		
	end
end


function SoulSteal(whom)
	local torso = (whom:FindFirstChild'Head' or whom:FindFirstChild'Torso' or whom:FindFirstChild'UpperTorso' or whom:FindFirstChild'LowerTorso' or whom:FindFirstChild'HumanoidRootPart')
	if(torso and torso:IsA'BasePart')then
		local Model = Instance.new("Model",Effects)
		Model.Name = whom.Name.."'s Soul"
		whom:BreakJoints()
		local Soul = Part(Model,BrickColor.new'Really red','Glass',V3.N(.5,.5,.5),torso.CFrame,true,false)
		Soul.Name = 'Head'
		NewInstance("Humanoid",Model,{Health=0,MaxHealth=0})
		Effect{
			Effect="Arc",
			Manual = Soul,
			FXSettings={
				Start=torso.CFrame,
				Home = Torso,
				RemoveOnGoal = true,
			}
		}
		local lastPoint = Soul.CFrame.p
	
		for i = 0, 1, 0.01 do 
				local point = CFrame.new(lastPoint, Soul.Position) * CFrame.Angles(-math.pi/2, 0, 0)
				local mag = (lastPoint - Soul.Position).magnitude
				Effect{
					Effect = "Fade",
					CFrame = point * CF.N(0, mag/2, 0),
					Size = V3.N(.5,mag+.5,.5),
					Color = Soul.BrickColor
				}
				lastPoint = Soul.CFrame.p
			swait()
		end
		for i = 1, 5 do
			Effect{
				Effect="Fade",
				Color = BrickColor.new'Really red',
				MoveDirection = (Torso.CFrame*CFrame.new(M.RNG(-40,40),M.RNG(-40,40),M.RNG(-40,40))).p
			}	
		end
	end
end

--// Other Functions \\ --

function getRegion(point,range,ignore)
    return workspace:FindPartsInRegion3WithIgnoreList(R3.N(point-V3.N(1,1,1)*range/2,point+V3.N(1,1,1)*range/2),ignore,100)
end

function CastRay(startPos,endPos,range,ignoreList)
	local ray = Ray.new(startPos,(endPos-startPos).unit*range)
	local part,pos,norm = workspace:FindPartOnRayWithIgnoreList(ray,ignoreList or {Char},false,true)
	return part,pos,norm,(pos and (startPos-pos).magnitude)
end


function WingFlutter(Alpha)
	Alpha = Alpha or .1
	for x = 1, 4 do
		if(FeatherWelds[1][x][1])then
			FeatherWelds[1][x][1].C0 = FeatherWelds[1][x][1].C0:lerp(CF.N(-2-.5*M.C(Sine/24),x/4,0-.2*-M.S(Sine/24)),Alpha)
		end
		for i = 2, #FeatherWelds[1][x] do
			FeatherWelds[1][x][i].C0 = FeatherWelds[1][x][i].C0:lerp(CF.N(.5,.25,0)*CF.A(0,0,M.R(-5+2*M.C(Sine/12))),Alpha)
		end
	end
	for x = 1, 4 do
		if(FeatherWelds[2][x][1])then
			FeatherWelds[2][x][1].C0 = FeatherWelds[2][x][1].C0:lerp(CF.N(2+.5*M.C(Sine/24),x/4,0-.4*M.S(Sine/24)),Alpha)
		end
		for i = 2, #FeatherWelds[2][x] do
			FeatherWelds[2][x][i].C0 = FeatherWelds[2][x][i].C0:lerp(CF.N(-.5,.25,0)*CF.A(0,0,M.R(5-2*M.C(Sine/12))),Alpha)
		end
	end
end

function clerp(startCF,endCF,alpha)
	return startCF:lerp(endCF, alpha)
end

function GetTorso(char)
	return char:FindFirstChild'Torso' or char:FindFirstChild'UpperTorso' or char:FindFirstChild'LowerTorso' or char:FindFirstChild'HumanoidRootPart'
end

function ShowDamage(Pos, Text, Time, Color)
	local Rate = (1 / 30)
	local Pos = (Pos or Vector3.new(0, 0, 0))
	local Text = (Text or "")
	local Time = (Time or 2)
	local Color = (Color or Color3.new(1, 0, 1))
	local EffectPart = NewInstance("Part",Effects,{
		Material=Enum.Material.SmoothPlastic,
		Reflectance = 0,
		Transparency = 1,
		BrickColor = BrickColor.new(Color),
		Name = "Effect",
		Size = Vector3.new(0,0,0),
		Anchored = true
	})
	local BillboardGui = NewInstance("BillboardGui",EffectPart,{
		Size = UDim2.new(1.25, 0, 1.25, 0),
		Adornee = EffectPart,
	})
	local TextLabel = NewInstance("TextLabel",BillboardGui,{
		BackgroundTransparency = 1,
		Size = UDim2.new(1, 0, 1, 0),
		Text = Text,
		Font = "Arial",
		TextColor3 = Color,
		TextStrokeColor3 = Color3.new(0,0,0),
		TextStrokeTransparency=0,
		TextScaled = true,
	})
	game.Debris:AddItem(EffectPart, (Time))
	EffectPart.Parent = game:GetService("Workspace")
	delay(0, function()
		local Frames = (Time / Rate)
		for Frame = 1, Frames do
			wait(Rate)
			local Percent = (Frame / Frames)
			EffectPart.CFrame = CFrame.new(Pos) + Vector3.new(0, Percent, 0)
			TextLabel.TextTransparency = Percent
			TextLabel.TextStrokeTransparency = Percent
		end
		if EffectPart and EffectPart.Parent then
			EffectPart:Destroy()
		end
	end)
end


function DealDamage(who,minDam,maxDam,Knock,Type,critChance,critMult)
	if(who)then
		local hum = who:FindFirstChildOfClass'Humanoid'
		local Damage = -math.huge
		local canHit = true
		if(hum)then
			for _, p in pairs(Hit) do
				if p[1] == hum then
					if(time() - p[2] < 0.1) then
						canHit = false
					else
						Hit[_] = nil
					end
				end
			end
			if(canHit)then
				table.insert(Hit,{hum,time()})
				if(hum.Health >= math.huge)then
					who:BreakJoints()
					if(who:FindFirstChild'Head' and hum.Health > 0)then
						ShowDamage((who.Head.CFrame * CF.N(0, 0, (who.Head.Size.Z / 2)).p+V3.N(0,1.5,0)+V3.N(M.RNG(-2,2),0,M.RNG(-2,2))), "INSTANT", 1.5, C3.N(1,0,0))
					end
				else
					local player = S.Players:GetPlayerFromCharacter(who)
					if(Type == "Fire")then
						--idk..
					else
						local  c = Instance.new("ObjectValue",hum)
						c.Name = "creator"
						c.Value = Plr
						game:service'Debris':AddItem(c,0.35)
						if(M.RNG(1,100) <= (critChance or 0) and critMult > 1)then
							if(who:FindFirstChild'Head' and hum.Health > 0)then
								ShowDamage((who.Head.CFrame * CF.N(0, 0, (who.Head.Size.Z / 2)).p+V3.N(0,1.5,0)+V3.N(M.RNG(-2,2),0,M.RNG(-2,2))), "[CRIT] "..Damage*(critMult or 2), 1.5, BrickColor.new'New Yeller'.Color)
							end
							hum.Health = hum.Health - Damage*(critMult or 2)
						else
							if(who:FindFirstChild'Head' and hum.Health > 0)then
								ShowDamage((who.Head.CFrame * CF.N(0, 0, (who.Head.Size.Z / 2)).p+V3.N(0,1.5,0)+V3.N(M.RNG(-2,2),0,M.RNG(-2,2))), Damage, 1.5, DamageColor.Color)
							end
							hum.Health = hum.Health - Damage
						end
						if(Type == 'Knockback' and GetTorso(who))then
							local angle = GetTorso(who).Position - Root.Position + Vector3.new(0, 0, 0).unit
							local body = NewInstance('BodyVelocity',GetTorso(who),{
								P = 500,
								maxForce = V3.N(math.huge,0,math.huge),
								velocity = Root.CFrame.lookVector * Knock + Root.Velocity / 1.05
							})
							game:service'Debris':AddItem(body,.5)
						elseif(Type == "Electric")then
							if(M.RNG(1,100) >= critChance)then
								if(who:FindFirstChild'Head' and hum.Health > 0)then
									ShowDamage((who.Head.CFrame * CF.N(0, 0, (who.Head.Size.Z / 2)).p+V3.N(0,1.5,0)+V3.N(M.RNG(-2,2),0,M.RNG(-2,2))), "[PARALYZED]", 1.5, BrickColor.new"New Yeller".Color)
								end
								local asd = hum.WalkSpeed/2
								hum.WalkSpeed = asd
								local paralyzed = true
								coroutine.wrap(function()
									while paralyzed do
										swait(25)
										if(M.RNG(1,25) == 1)then
											if(who:FindFirstChild'Head' and hum.Health > 0)then
												ShowDamage((who.Head.CFrame * CF.N(0, 0, (who.Head.Size.Z / 2)).p+V3.N(0,1.5,0)+V3.N(M.RNG(-2,2),0,M.RNG(-2,2))), "[STATIC]", 1.5, BrickColor.new"New Yeller".Color)
											end
											hum.PlatformStand = true
										end
									end
								end)()
								delay(4, function()
									paralyzed = false
									hum.WalkSpeed = hum.WalkSpeed + asd
								end)
							end
							
						elseif(Type == 'Knockdown' and GetTorso(who))then
							local rek = GetTorso(who)
							hum.PlatformStand = true
							delay(1,function()
								hum.PlatformStand = false
							end)
							local angle = (GetTorso(who).Position - (Root.Position + Vector3.new(0, 0, 0))).unit
							local bodvol = NewInstance("BodyVelocity",rek,{
								velocity = angle * Knock,
								P = 5000,
								maxForce = Vector3.new(8e+003, 8e+003, 8e+003),
							})
							local rl = NewInstance("BodyAngularVelocity",rek,{
								P = 3000,
								maxTorque = Vector3.new(500000, 500000, 500000) * 50000000000000,
								angularvelocity = Vector3.new(math.random(-10, 10), math.random(-10, 10), math.random(-10, 10)),
							})
							game:GetService("Debris"):AddItem(bodvol, .5)
							game:GetService("Debris"):AddItem(rl, .5)
						end
					end
				end
			end
		end
	end
end

function AOEDamage(where,range,minDam,maxDam,Knock,Type,critChance,critMult)
	for _,v in next, getRegion(where,range,{Char}) do
		if(v.Parent and v.Parent:FindFirstChildOfClass'Humanoid')then
			DealDamage(v.Parent,minDam,maxDam,Knock,Type,critChance,critMult)
		end
	end
end
function AOEHeal(where,range,amount)
	local healed = {}
	for _,v in next, getRegion(where,range,{Char}) do
		local hum = (v.Parent and v.Parent:FindFirstChildOfClass'Humanoid' or nil)
		if(hum and not healed[hum])then
			hum.Health = hum.Health + amount
			if(v.Parent:FindFirstChild'Head' and hum.Health > 0)then
				ShowDamage((v.Parent.Head.CFrame * CF.N(0, 0, (v.Parent.Head.Size.Z / 2)).p+V3.N(0,1.5,0)), "+"..amount, 1.5, BrickColor.new'Lime green'.Color)
			end
		end
	end
end


--// Attack Functions \\--

function Smite()
	Zap{
		StartCFrame=CF.N(Mouse.Hit.p)*CF.N(0,500,0),
		EndCFrame=CF.N(Mouse.Hit.p),
		ZapRotation = {-5,5},
		StartSize = 5,
		EndSize = 1,
		Delay=5,
		DelayInc=1,
	}
	AOEDamage(Mouse.Hit.p,3,15,35,false,"Electric",75,1)
end

function LightningStorm()
	Attack = true
	Rooted = true
	NeutralAnims = false
	Hum.AutoRotate = false
	repeat swait()
		Root.CFrame = Root.CFrame:lerp(CF.N(Root.CFrame.p,V3.N(Mouse.Hit.x,Root.CFrame.y,Mouse.Hit.z)),.1)
		local Alpha = .3
		RJ.C0 = clerp(RJ.C0,CFrame.new(-0.0109784482, 0.00629424211+.25*M.C(Sine/12), 0.00456619123, 0, 0.00628576428, 0.999979854, 0, 0.99998033, -0.00628576661, -0.999999702, -7.27595761e-12, 0)*CF.A(-M.R(3+5*M.S(Sine/12)),0,0),Alpha)
		LH.C0 = clerp(LH.C0,CFrame.new(-0.443078369, -0.366475701, -0.69529891, 0.999093771, 0.0300307292, 0.0301540978, -0.039692279, 0.913133621, 0.405723602, -0.0153505448, -0.406552792, 0.913497925)*CF.A(0,M.R(0+5*M.C(Sine/12)),M.R(0+5*M.C(Sine/12))),Alpha)
		RH.C0 = clerp(RH.C0,CFrame.new(0.563508928, -0.975499094, 0.0143494867, 0.992422402, -0.121874072, 0.0156119959, 0.121789157, 0.992536128, 0.0062854127, -0.0162614994, -0.00433641672, 0.999858022)*CF.A(0,-M.R(0+5*M.C(Sine/12)),-M.R(0+5*M.C(Sine/12))),Alpha)
		LS.C0 = clerp(LS.C0,CFrame.new(-1.51089513, 0.618211091+.1*M.C(Sine/12), -0.00361234695, 0.982347131, 0.18641524, 0.0156120034, -0.186530694, 0.982429147, 0.00628500059, -0.0141660646, -0.0090861693, 0.999858379)*CF.A(0,M.R(0+5*M.C(Sine/12)),M.R(0+5*M.C(Sine/12))),Alpha)
		RS.C0 = clerp(RS.C0,CFrame.new(1.17289495, 0.616719723+.1*M.C(Sine/12), 0.011598235, -0.52721566, -0.849588335, 0.0156120034, 0.849726856, -0.527186096, 0.00628500059, 0.0028907666, 0.0165794864, 0.999858379)*CF.A(0,-M.R(0+5*M.C(Sine/12)),M.R(0+5*M.C(Sine/12))),Alpha)
		NK.C0 = clerp(NK.C0,CFrame.new(0.00954779983, 1.49905622, 0.00156322215, -1.82539225e-07, 0.0574940294, -0.998345554, 0.00628540665, 0.998326242, 0.0574929155, 0.999979854, -0.00627500098, -0.000361557119),Alpha)
		HW.C0 = HW.C0:lerp(CF.N(0,2,0)*CF.A(M.R(0+15*M.C(Sine/36)),0,M.R(0+15*M.S(Sine/36)))*CF.N(-M.R(0+15*M.S(Sine/36)),0,M.R(0+15*M.C(Sine/36))),Alpha)
		WW.C0 = WW.C0:lerp(CF.N(0,1.5+.3*M.C(Sine/12),1.5),Alpha)
		WingFlutter()
	until not S.UserInputService:IsKeyDown(Enum.KeyCode.C)
	local where = Mouse.Hit.p
	for i = 0, 6, .1 do
		swait()
		local Alpha = .3
		RJ.C0 = clerp(RJ.C0,CFrame.new(-0.0109784482, 0.00629424211+.25*M.C(Sine/12), 0.00456619123, 0, 0.00628576428, 0.999979854, 0, 0.99998033, -0.00628576661, -0.999999702, -7.27595761e-12, 0)*CF.A(-M.R(3+5*M.S(Sine/12)),0,0),Alpha)
		LH.C0 = clerp(LH.C0,CFrame.new(-0.443078369, -0.366475701, -0.69529891, 0.999093771, 0.0300307292, 0.0301540978, -0.039692279, 0.913133621, 0.405723602, -0.0153505448, -0.406552792, 0.913497925)*CF.A(0,M.R(0+5*M.C(Sine/12)),M.R(0+5*M.C(Sine/12))),Alpha)
		RH.C0 = clerp(RH.C0,CFrame.new(0.563508928, -0.975499094, 0.0143494867, 0.992422402, -0.121874072, 0.0156119959, 0.121789157, 0.992536128, 0.0062854127, -0.0162614994, -0.00433641672, 0.999858022)*CF.A(0,-M.R(0+5*M.C(Sine/12)),-M.R(0+5*M.C(Sine/12))),Alpha)
		LS.C0 = clerp(LS.C0,CFrame.new(-1.51089513, 0.618211091+.1*M.C(Sine/12), -0.00361234695, 0.982347131, 0.18641524, 0.0156120034, -0.186530694, 0.982429147, 0.00628500059, -0.0141660646, -0.0090861693, 0.999858379)*CF.A(0,M.R(0+5*M.C(Sine/12)),M.R(0+5*M.C(Sine/12))),Alpha)
		RS.C0 = clerp(RS.C0,CFrame.new(1.17289495, 0.616719723+.1*M.C(Sine/12), 0.011598235, -0.52721566, -0.849588335, 0.0156120034, 0.849726856, -0.527186096, 0.00628500059, 0.0028907666, 0.0165794864, 0.999858379)*CF.A(0,-M.R(0+5*M.C(Sine/12)),M.R(0+5*M.C(Sine/12))),Alpha)
		NK.C0 = clerp(NK.C0,CFrame.new(0.00954779983, 1.49905622, 0.00156322215, -1.82539225e-07, 0.0574940294, -0.998345554, 0.00628540665, 0.998326242, 0.0574929155, 0.999979854, -0.00627500098, -0.000361557119),Alpha)
		HW.C0 = HW.C0:lerp(CF.N(0,2,0)*CF.A(M.R(0+15*M.C(Sine/36)),0,M.R(0+15*M.S(Sine/36)))*CF.N(-M.R(0+15*M.S(Sine/36)),0,M.R(0+15*M.C(Sine/36))),Alpha)
		WW.C0 = WW.C0:lerp(CF.N(0,1.5+.3*M.C(Sine/12),1.5),Alpha)
		WingFlutter()
	end
	for i = 0, 1.4, .1 do
		swait()
		local Alpha = .3
		RJ.C0 = clerp(RJ.C0,CFrame.new(-0.0109784482, 0.00629424211+.25*M.C(Sine/12), 0.00456619123, 0, 0.00628576428, 0.999979854, 0, 0.99998033, -0.00628576661, -0.999999702, -7.27595761e-12, 0)*CF.A(-M.R(3+5*M.S(Sine/12)),0,0),Alpha)
		LH.C0 = clerp(LH.C0,CFrame.new(-0.443078369, -0.366475701, -0.69529891, 0.999093771, 0.0300307292, 0.0301540978, -0.039692279, 0.913133621, 0.405723602, -0.0153505448, -0.406552792, 0.913497925)*CF.A(0,M.R(0+5*M.C(Sine/12)),M.R(0+5*M.C(Sine/12))),Alpha)
		RH.C0 = clerp(RH.C0,CFrame.new(0.563508928, -0.975499094, 0.0143494867, 0.992422402, -0.121874072, 0.0156119959, 0.121789157, 0.992536128, 0.0062854127, -0.0162614994, -0.00433641672, 0.999858022)*CF.A(0,-M.R(0+5*M.C(Sine/12)),-M.R(0+5*M.C(Sine/12))),Alpha)
		LS.C0 = clerp(LS.C0,CFrame.new(-1.51089513, 0.618211091+.1*M.C(Sine/12), -0.00361234695, 0.982347131, 0.18641524, 0.0156120034, -0.186530694, 0.982429147, 0.00628500059, -0.0141660646, -0.0090861693, 0.999858379)*CF.A(0,M.R(0+5*M.C(Sine/12)),M.R(0+5*M.C(Sine/12))),Alpha)
		RS.C0 = clerp(RS.C0,CFrame.new(1.39888549, 0.921575725+.1*M.C(Sine/12), 0.00929622632, -0.917422354, -0.397608638, 0.0156120034, 0.397739291, -0.917477012, 0.00628500059, 0.0118246814, 0.0119755063, 0.999858379)*CF.A(0,-M.R(0+5*M.C(Sine/12)),M.R(0+5*M.C(Sine/12))),Alpha)
		NK.C0 = clerp(NK.C0,CFrame.new(0.00954779983, 1.49905622, 0.00156322215, -1.82539225e-07, 0.0574940294, -0.998345554, 0.00628540665, 0.998326242, 0.0574929155, 0.999979854, -0.00627500098, -0.000361557119),Alpha)
		HW.C0 = HW.C0:lerp(CF.N(0,2,0)*CF.A(M.R(0+15*M.C(Sine/36)),0,M.R(0+15*M.S(Sine/36)))*CF.N(-M.R(0+15*M.S(Sine/36)),0,M.R(0+15*M.C(Sine/36))),Alpha)
		WW.C0 = WW.C0:lerp(CF.N(0,1.5+.3*M.C(Sine/12),1.5),Alpha)
		WingFlutter()
	end
	for i = 0, .8, .1 do
		swait()
		local Alpha = .3
		RJ.C0 = clerp(RJ.C0,CFrame.new(-0.0109784482, 0.00629424211+.25*M.C(Sine/12), 0.00456619123, 0, 0.00628576428, 0.999979854, 0, 0.99998033, -0.00628576661, -0.999999702, -7.27595761e-12, 0)*CF.A(-M.R(3+5*M.S(Sine/12)),0,0),Alpha)
		LH.C0 = clerp(LH.C0,CFrame.new(-0.443078369, -0.366475701, -0.69529891, 0.999093771, 0.0300307292, 0.0301540978, -0.039692279, 0.913133621, 0.405723602, -0.0153505448, -0.406552792, 0.913497925)*CF.A(0,M.R(0+5*M.C(Sine/12)),M.R(0+5*M.C(Sine/12))),Alpha)
		RH.C0 = clerp(RH.C0,CFrame.new(0.563508928, -0.975499094, 0.0143494867, 0.992422402, -0.121874072, 0.0156119959, 0.121789157, 0.992536128, 0.0062854127, -0.0162614994, -0.00433641672, 0.999858022)*CF.A(0,-M.R(0+5*M.C(Sine/12)),-M.R(0+5*M.C(Sine/12))),Alpha)
		LS.C0 = clerp(LS.C0,CFrame.new(-1.51089513, 0.618211091+.1*M.C(Sine/12), -0.00361234695, 0.982347131, 0.18641524, 0.0156120034, -0.186530694, 0.982429147, 0.00628500059, -0.0141660646, -0.0090861693, 0.999858379)*CF.A(0,M.R(0+5*M.C(Sine/12)),M.R(0+5*M.C(Sine/12))),Alpha)
		RS.C0 = clerp(RS.C0,CFrame.new(1.39452517, 0.577189744, 0.0083861379, 0.913589835, -0.406337589, 0.0156120034, 0.406289399, 0.913722992, 0.00628500059, -0.0168188754, 0.000601077918, 0.999858379)*CF.A(0,-M.R(0+5*M.C(Sine/12)),M.R(0+5*M.C(Sine/12))),Alpha)
		NK.C0 = clerp(NK.C0,CFrame.new(0.00954779983, 1.49905622, 0.00156322215, -1.82539225e-07, 0.0574940294, -0.998345554, 0.00628540665, 0.998326242, 0.0574929155, 0.999979854, -0.00627500098, -0.000361557119),Alpha)
		HW.C0 = HW.C0:lerp(CF.N(0,2,0)*CF.A(M.R(0+15*M.C(Sine/36)),0,M.R(0+15*M.S(Sine/36)))*CF.N(-M.R(0+15*M.S(Sine/36)),0,M.R(0+15*M.C(Sine/36))),Alpha)
		WW.C0 = WW.C0:lerp(CF.N(0,1.5+.3*M.C(Sine/12),1.5),Alpha)
		WingFlutter()
	end
	
	for i = 0, 6, .1 do
		pcall(function() Sound(Torso,481719045,1,1,false,true,true) end)
		local pos = CF.N(where)*CF.N(M.RNG(-1000,1000,100),0,M.RNG(-1000,1000,100))
		local part,rayPos,norm,dist = CastRay(pos*CF.N(0,500,0).p,pos.p,1500)
		Zap{
			StartCFrame=pos*CF.N(0,500,0),
			EndCFrame=CF.N(rayPos),
			ZapRotation = {-5,5},
			StartSize = 1,
			EndSize = .5,
			Delay=10,
			DelayInc=2,
		}
		AOEDamage(rayPos,5,45,65,0,'Electric',25,2)
		swait()
		local Alpha = .3
		RJ.C0 = clerp(RJ.C0,CFrame.new(-0.0109784482, 0.00629424211+.25*M.C(Sine/12), 0.00456619123, 0, 0.00628576428, 0.999979854, 0, 0.99998033, -0.00628576661, -0.999999702, -7.27595761e-12, 0)*CF.A(-M.R(3+5*M.S(Sine/12)),0,0),Alpha)
		LH.C0 = clerp(LH.C0,CFrame.new(-0.443078369, -0.366475701, -0.69529891, 0.999093771, 0.0300307292, 0.0301540978, -0.039692279, 0.913133621, 0.405723602, -0.0153505448, -0.406552792, 0.913497925)*CF.A(0,M.R(0+5*M.C(Sine/12)),M.R(0+5*M.C(Sine/12))),Alpha)
		RH.C0 = clerp(RH.C0,CFrame.new(0.563508928, -0.975499094, 0.0143494867, 0.992422402, -0.121874072, 0.0156119959, 0.121789157, 0.992536128, 0.0062854127, -0.0162614994, -0.00433641672, 0.999858022)*CF.A(0,-M.R(0+5*M.C(Sine/12)),-M.R(0+5*M.C(Sine/12))),Alpha)
		LS.C0 = clerp(LS.C0,CFrame.new(-1.51089513, 0.618211091+.1*M.C(Sine/12), -0.00361234695, 0.982347131, 0.18641524, 0.0156120034, -0.186530694, 0.982429147, 0.00628500059, -0.0141660646, -0.0090861693, 0.999858379)*CF.A(0,M.R(0+5*M.C(Sine/12)),M.R(0+5*M.C(Sine/12))),Alpha)
		RS.C0 = clerp(RS.C0,CFrame.new(1.39452517, 0.577189744, 0.0083861379, 0.913589835, -0.406337589, 0.0156120034, 0.406289399, 0.913722992, 0.00628500059, -0.0168188754, 0.000601077918, 0.999858379)*CF.A(0,-M.R(0+5*M.C(Sine/12)),M.R(0+5*M.C(Sine/12))),Alpha)
