--Unchained and unbound, dark desires awoken, dark doctrines.
-- You know, originally I thought that Pendulum Hub would never have Xester V2. About time I prove gaytek wrong.
-- Credits to Instance Serializer for helping me a shit ton with converting this. Without it, It would've been impossible.
local m = game.Players.LocalPlayer:GetMouse()
local mouse = m
local Mouse = m
_G.Collisions = true
loadstring(game:HttpGet("https://raw.githubusercontent.com/Tescalus/Pendulum-Hubs-Source/main/Reanimation.lua"))()
_G.loop2 = true
local player = game.Players.LocalPlayer
local char = player.Character
local Align = function(Part0, Part1,Mesh)
    local Aligns = {
        AlignOrientation = Instance.new("AlignOrientation", Part0),
        AlignPosition = Instance.new("AlignPosition", Part0)
    }
    
    local Attachments = {
        Attach0 = Instance.new("Attachment", Part0),
        Attach1 = Instance.new("Attachment", Part1)
    }
    local m = Part0:FindFirstChildOfClass('SpecialMesh')--This will get the first "SpecialMesh" it finds if it does not find any, then it will return nil
    if Mesh and m then --If Mesh is set to true and it finds a mesh it will destroy it
        m:Destroy()
    end
    Part0:BreakJoints()
    Aligns.AlignOrientation.Attachment0 = Attachments.Attach0
    Aligns.AlignOrientation.Attachment1 = Attachments.Attach1
    Aligns.AlignOrientation.Responsiveness = math.huge
    Aligns.AlignOrientation.RigidityEnabled = true
    
    Aligns.AlignPosition.Attachment0 = Attachments.Attach0
    Aligns.AlignPosition.Attachment1 = Attachments.Attach1
    Aligns.AlignPosition.Responsiveness = math.huge
    Aligns.AlignPosition.RigidityEnabled = true
        Aligns.AlignPosition.MaxForce = 999999999
        spawn(function()
            while _G.loop2 do 
                local mag = (Part0.Position - (Part1.CFrame*Attachments.Attach0.CFrame:Inverse()).p).magnitude--magnitude can get the distance between two cframe or position
                if mag >= 5 then 
                Part0.CFrame = Part1.CFrame*Attachments.Attach0.CFrame:Inverse()
                end
                Part0.Velocity = Vector3.new(0,35,0)
                game['Run Service'].Heartbeat:wait()
                end
        end)
 return {Attachments.Attach0, Attachments, Aligns}
        
end 
local hat = Align(char['MeshPartAccessory'].Handle,char['Left Arm'],false)
local cf = char['Left Arm'].CFrame*CFrame.new(0,-0.75,-2.5)*CFrame.Angles(math.rad(45),math.rad(-90),0)
hat[1].CFrame = cf:Inverse() * char['Left Arm'].CFrame
spawn(function()
    char.AncestryChanged:wait()--if you respawn, it will stop the  loop to avoid lag of using it over and over
    _G.loop2 = false 
end)

local cards = Instance.new("Model")
cards.Name = "cards"
cards.WorldPivot = CFrame.new(-114.35630798339844, 34.8021354675293, 56.19215774536133, 0.7541460394859314, 0.6051607131958008, -0.2550380527973175, 0, 0.38835909962654114, 0.921508252620697, 0.6567067503929138, -0.6949517726898193, 0.29287946224212646)

local card4 = Instance.new("Part")
card4.Name = "card4"
card4.Anchored = true
card4.BottomSurface = Enum.SurfaceType.Smooth
card4.CanCollide = false
card4.TopSurface = Enum.SurfaceType.Smooth
card4.Color = Color3.fromRGB(248, 248, 248)
card4.Massless = true
card4.Material = Enum.Material.Neon
card4.Size = Vector3.new(0.5911353826522827, 0.051376596093177795, 0.9400021433830261)
card4.CFrame = CFrame.new(-118.84657287597656, 37.572998046875, 53.82969665527344, 0.7541460394859314, 0.6051607131958008, -0.2550380527973175, 0, 0.38835909962654114, 0.921508252620697, 0.6567067503929138, -0.6949517726898193, 0.29287946224212646)
card4.Parent = cards

local decal = Instance.new("Decal")
decal.Name = "decal"
decal.Face = Enum.NormalId.Bottom
decal.Texture = "rbxassetid://1881287420"
decal.Parent = card4

local decal1 = Instance.new("Decal")
decal1.Name = "decal"
decal1.Face = Enum.NormalId.Top
decal1.Texture = "rbxassetid://1881287420"
decal1.Parent = card4

local PointLight = Instance.new("PointLight")
PointLight.Shadows = true
PointLight.Brightness = 0.5
PointLight.Range = 3
PointLight.Parent = card4

local Attachment = Instance.new("Attachment")
Attachment.WorldSecondaryAxis = Vector3.new(0.6051607131958008, 0.38835909962654114, -0.6949517726898193)
Attachment.WorldOrientation = Vector3.new(-67.1475830078125, -41.0491943359375, 0)
Attachment.CFrame = CFrame.new(0.2872581481933594, -0.00000353607174474746, 0.45497453212738037)
Attachment.WorldPosition = Vector3.new(-118.74597930908203, 37.99225997924805, 54.15159606933594)
Attachment.WorldCFrame = CFrame.new(-118.74597930908203, 37.99225997924805, 54.15159606933594, 0.7541460394859314, 0.6051607131958008, -0.2550380527973175, 0, 0.38835909962654114, 0.921508252620697, 0.6567067503929138, -0.6949517726898193, 0.29287946224212646)
Attachment.Position = Vector3.new(0.2872581481933594, -0.00000353607174474746, 0.45497453212738037)
Attachment.WorldAxis = Vector3.new(0.7541460394859314, 0, 0.6567067503929138)
Attachment.Parent = card4

local Attachment1 = Instance.new("Attachment")
Attachment1.WorldSecondaryAxis = Vector3.new(0.6051607131958008, 0.38835909962654114, -0.6949517726898193)
Attachment1.WorldOrientation = Vector3.new(-67.1475830078125, -41.0491943359375, 0)
Attachment1.CFrame = CFrame.new(-0.27817535400390625, -0.00000353607174474746, 0.45497453212738037)
Attachment1.WorldPosition = Vector3.new(-119.17239379882812, 37.99225997924805, 53.7802734375)
Attachment1.WorldCFrame = CFrame.new(-119.17239379882812, 37.99225997924805, 53.7802734375, 0.7541460394859314, 0.6051607131958008, -0.2550380527973175, 0, 0.38835909962654114, 0.921508252620697, 0.6567067503929138, -0.6949517726898193, 0.29287946224212646)
Attachment1.Position = Vector3.new(-0.27817535400390625, -0.00000353607174474746, 0.45497453212738037)
Attachment1.WorldAxis = Vector3.new(0.7541460394859314, 0, 0.6567067503929138)
Attachment1.Parent = card4

local Attachment2 = Instance.new("Attachment")
Attachment2.WorldSecondaryAxis = Vector3.new(0.6051607131958008, 0.38835909962654114, -0.6949517726898193)
Attachment2.WorldOrientation = Vector3.new(-67.1475830078125, -41.0491943359375, 0)
Attachment2.WorldPosition = Vector3.new(-118.84657287597656, 37.572998046875, 53.82969665527344)
Attachment2.WorldCFrame = CFrame.new(-118.84657287597656, 37.572998046875, 53.82969665527344, 0.7541460394859314, 0.6051607131958008, -0.2550380527973175, 0, 0.38835909962654114, 0.921508252620697, 0.6567067503929138, -0.6949517726898193, 0.29287946224212646)
Attachment2.WorldAxis = Vector3.new(0.7541460394859314, 0, 0.6567067503929138)
Attachment2.Parent = card4

local ParticleEmitter = Instance.new("ParticleEmitter")
ParticleEmitter.LightInfluence = 1
ParticleEmitter.Lifetime = NumberRange.new(4, 5)
ParticleEmitter.LockedToPart = true
ParticleEmitter.Transparency = NumberSequence.new({NumberSequenceKeypoint.new(0, 1), NumberSequenceKeypoint.new(0.1986223, 0.8375), NumberSequenceKeypoint.new(1, 1)})
ParticleEmitter.LightEmission = 1
ParticleEmitter.Speed = NumberRange.new(0, 0)
ParticleEmitter.Size = NumberSequence.new({NumberSequenceKeypoint.new(0, 2.2499995), NumberSequenceKeypoint.new(0.5419058, 1.25), NumberSequenceKeypoint.new(1, 0.7499999)})
ParticleEmitter.RotSpeed = NumberRange.new(10, 30)
ParticleEmitter.Rate = 4
ParticleEmitter.Texture = "http://www.roblox.com/asset/?id=917181007"
ParticleEmitter.Rotation = NumberRange.new(1, 180)
ParticleEmitter.Parent = Attachment2

local mat = Instance.new("Attachment")
mat.Name = "mat"
mat.WorldSecondaryAxis = Vector3.new(0.6051607131958008, 0.38835909962654114, -0.6949517726898193)
mat.WorldOrientation = Vector3.new(-67.1475830078125, -41.0491943359375, 0)
mat.WorldPosition = Vector3.new(-118.84657287597656, 37.572998046875, 53.82969665527344)
mat.WorldCFrame = CFrame.new(-118.84657287597656, 37.572998046875, 53.82969665527344, 0.7541460394859314, 0.6051607131958008, -0.2550380527973175, 0, 0.38835909962654114, 0.921508252620697, 0.6567067503929138, -0.6949517726898193, 0.29287946224212646)
mat.WorldAxis = Vector3.new(0.7541460394859314, 0, 0.6567067503929138)
mat.Parent = card4

local ParticleEmitter1 = Instance.new("ParticleEmitter")
ParticleEmitter1.LightInfluence = 1
ParticleEmitter1.Lifetime = NumberRange.new(1.45, 1.45)
ParticleEmitter1.Transparency = NumberSequence.new({NumberSequenceKeypoint.new(0, 1), NumberSequenceKeypoint.new(0.4982778, 0.95), NumberSequenceKeypoint.new(1, 1)})
ParticleEmitter1.LightEmission = 1
ParticleEmitter1.Speed = NumberRange.new(0, 0)
ParticleEmitter1.Size = NumberSequence.new(1.8124998, 0)
ParticleEmitter1.RotSpeed = NumberRange.new(30, 100)
ParticleEmitter1.Rate = 200
ParticleEmitter1.Texture = "rbxassetid://418380863"
ParticleEmitter1.Rotation = NumberRange.new(1, 180)
ParticleEmitter1.Parent = mat

local card2 = Instance.new("Part")
card2.Name = "card2"
card2.Anchored = true
card2.BottomSurface = Enum.SurfaceType.Smooth
card2.CanCollide = false
card2.TopSurface = Enum.SurfaceType.Smooth
card2.Color = Color3.fromRGB(248, 248, 248)
card2.Massless = true
card2.Material = Enum.Material.Neon
card2.Size = Vector3.new(0.5911353826522827, 0.051376596093177795, 0.9400021433830261)
card2.CFrame = CFrame.new(-119.66590881347656, 37.572998046875, 53.11619567871094, 0.7541460394859314, 0.6051607131958008, -0.2550380527973175, 0, 0.38835909962654114, 0.921508252620697, 0.6567067503929138, -0.6949517726898193, 0.29287946224212646)
card2.Parent = cards

local decal2 = Instance.new("Decal")
decal2.Name = "decal"
decal2.Face = Enum.NormalId.Bottom
decal2.Texture = "rbxassetid://1881288034"
decal2.Parent = card2

local decal3 = Instance.new("Decal")
decal3.Name = "decal"
decal3.Face = Enum.NormalId.Top
decal3.Texture = "rbxassetid://1881288034"
decal3.Parent = card2

local PointLight1 = Instance.new("PointLight")
PointLight1.Shadows = true
PointLight1.Brightness = 0.5
PointLight1.Range = 3
PointLight1.Parent = card2

local Attachment3 = Instance.new("Attachment")
Attachment3.WorldSecondaryAxis = Vector3.new(0.6051607131958008, 0.38835909962654114, -0.6949517726898193)
Attachment3.WorldOrientation = Vector3.new(-67.1475830078125, -41.0491943359375, 0)
Attachment3.CFrame = CFrame.new(0.2872581481933594, -0.00000353607174474746, 0.45497453212738037)
Attachment3.WorldPosition = Vector3.new(-119.56531524658203, 37.99225997924805, 53.43809509277344)
Attachment3.WorldCFrame = CFrame.new(-119.56531524658203, 37.99225997924805, 53.43809509277344, 0.7541460394859314, 0.6051607131958008, -0.2550380527973175, 0, 0.38835909962654114, 0.921508252620697, 0.6567067503929138, -0.6949517726898193, 0.29287946224212646)
Attachment3.Position = Vector3.new(0.2872581481933594, -0.00000353607174474746, 0.45497453212738037)
Attachment3.WorldAxis = Vector3.new(0.7541460394859314, 0, 0.6567067503929138)
Attachment3.Parent = card2

local Attachment4 = Instance.new("Attachment")
Attachment4.WorldSecondaryAxis = Vector3.new(0.6051607131958008, 0.38835909962654114, -0.6949517726898193)
Attachment4.WorldOrientation = Vector3.new(-67.1475830078125, -41.0491943359375, 0)
Attachment4.CFrame = CFrame.new(-0.27817535400390625, -0.00000353607174474746, 0.45497453212738037)
Attachment4.WorldPosition = Vector3.new(-119.99172973632812, 37.99225997924805, 53.0667724609375)
Attachment4.WorldCFrame = CFrame.new(-119.99172973632812, 37.99225997924805, 53.0667724609375, 0.7541460394859314, 0.6051607131958008, -0.2550380527973175, 0, 0.38835909962654114, 0.921508252620697, 0.6567067503929138, -0.6949517726898193, 0.29287946224212646)
Attachment4.Position = Vector3.new(-0.27817535400390625, -0.00000353607174474746, 0.45497453212738037)
Attachment4.WorldAxis = Vector3.new(0.7541460394859314, 0, 0.6567067503929138)
Attachment4.Parent = card2

local Attachment5 = Instance.new("Attachment")
Attachment5.WorldSecondaryAxis = Vector3.new(0.6051607131958008, 0.38835909962654114, -0.6949517726898193)
Attachment5.WorldOrientation = Vector3.new(-67.1475830078125, -41.0491943359375, 0)
Attachment5.WorldPosition = Vector3.new(-119.66590881347656, 37.572998046875, 53.11619567871094)
Attachment5.WorldCFrame = CFrame.new(-119.66590881347656, 37.572998046875, 53.11619567871094, 0.7541460394859314, 0.6051607131958008, -0.2550380527973175, 0, 0.38835909962654114, 0.921508252620697, 0.6567067503929138, -0.6949517726898193, 0.29287946224212646)
Attachment5.WorldAxis = Vector3.new(0.7541460394859314, 0, 0.6567067503929138)
Attachment5.Parent = card2

local ParticleEmitter2 = Instance.new("ParticleEmitter")
ParticleEmitter2.LightInfluence = 1
ParticleEmitter2.Lifetime = NumberRange.new(4, 5)
ParticleEmitter2.LockedToPart = true
ParticleEmitter2.Transparency = NumberSequence.new({NumberSequenceKeypoint.new(0, 1), NumberSequenceKeypoint.new(0.1986223, 0.8375), NumberSequenceKeypoint.new(1, 1)})
ParticleEmitter2.LightEmission = 1
ParticleEmitter2.Speed = NumberRange.new(0, 0)
ParticleEmitter2.Size = NumberSequence.new({NumberSequenceKeypoint.new(0, 2.2499995), NumberSequenceKeypoint.new(0.5419058, 1.25), NumberSequenceKeypoint.new(1, 0.7499999)})
ParticleEmitter2.RotSpeed = NumberRange.new(10, 30)
ParticleEmitter2.Rate = 4
ParticleEmitter2.Texture = "http://www.roblox.com/asset/?id=917181007"
ParticleEmitter2.Rotation = NumberRange.new(1, 180)
ParticleEmitter2.Parent = Attachment5

local mat1 = Instance.new("Attachment")
mat1.Name = "mat"
mat1.WorldSecondaryAxis = Vector3.new(0.6051607131958008, 0.38835909962654114, -0.6949517726898193)
mat1.WorldOrientation = Vector3.new(-67.1475830078125, -41.0491943359375, 0)
mat1.WorldPosition = Vector3.new(-119.66590881347656, 37.572998046875, 53.11619567871094)
mat1.WorldCFrame = CFrame.new(-119.66590881347656, 37.572998046875, 53.11619567871094, 0.7541460394859314, 0.6051607131958008, -0.2550380527973175, 0, 0.38835909962654114, 0.921508252620697, 0.6567067503929138, -0.6949517726898193, 0.29287946224212646)
mat1.WorldAxis = Vector3.new(0.7541460394859314, 0, 0.6567067503929138)
mat1.Parent = card2

local ParticleEmitter3 = Instance.new("ParticleEmitter")
ParticleEmitter3.LightInfluence = 1
ParticleEmitter3.Lifetime = NumberRange.new(1.45, 1.45)
ParticleEmitter3.Transparency = NumberSequence.new({NumberSequenceKeypoint.new(0, 1), NumberSequenceKeypoint.new(0.4982778, 0.95), NumberSequenceKeypoint.new(1, 1)})
ParticleEmitter3.LightEmission = 1
ParticleEmitter3.Speed = NumberRange.new(0, 0)
ParticleEmitter3.Size = NumberSequence.new(1.8124998, 0)
ParticleEmitter3.RotSpeed = NumberRange.new(30, 100)
ParticleEmitter3.Rate = 200
ParticleEmitter3.Texture = "rbxassetid://418380863"
ParticleEmitter3.Rotation = NumberRange.new(1, 180)
ParticleEmitter3.Parent = mat1

local card3 = Instance.new("Part")
card3.Name = "card3"
card3.Anchored = true
card3.BottomSurface = Enum.SurfaceType.Smooth
card3.CanCollide = false
card3.TopSurface = Enum.SurfaceType.Smooth
card3.Color = Color3.fromRGB(248, 248, 248)
card3.Massless = true
card3.Material = Enum.Material.Neon
card3.Size = Vector3.new(0.5911353826522827, 0.051376596093177795, 0.9400021433830261)
card3.CFrame = CFrame.new(-120.56764221191406, 37.572998046875, 52.33091735839844, 0.7541460394859314, 0.6051607131958008, -0.2550380527973175, 0, 0.38835909962654114, 0.921508252620697, 0.6567067503929138, -0.6949517726898193, 0.29287946224212646)
card3.Parent = cards

local decal4 = Instance.new("Decal")
decal4.Name = "decal"
decal4.Face = Enum.NormalId.Bottom
decal4.Texture = "rbxassetid://1880203893"
decal4.Parent = card3

local decal5 = Instance.new("Decal")
decal5.Name = "decal"
decal5.Face = Enum.NormalId.Top
decal5.Texture = "rbxassetid://1880203893"
decal5.Parent = card3

local PointLight2 = Instance.new("PointLight")
PointLight2.Shadows = true
PointLight2.Brightness = 0.5
PointLight2.Range = 3
PointLight2.Parent = card3

local Attachment6 = Instance.new("Attachment")
Attachment6.WorldSecondaryAxis = Vector3.new(0.6051607131958008, 0.38835909962654114, -0.6949517726898193)
Attachment6.WorldOrientation = Vector3.new(-67.1475830078125, -41.0491943359375, 0)
Attachment6.CFrame = CFrame.new(0.2872581481933594, -0.00000353607174474746, 0.45497453212738037)
Attachment6.WorldPosition = Vector3.new(-120.46704864501953, 37.99225997924805, 52.65281677246094)
Attachment6.WorldCFrame = CFrame.new(-120.46704864501953, 37.99225997924805, 52.65281677246094, 0.7541460394859314, 0.6051607131958008, -0.2550380527973175, 0, 0.38835909962654114, 0.921508252620697, 0.6567067503929138, -0.6949517726898193, 0.29287946224212646)
Attachment6.Position = Vector3.new(0.2872581481933594, -0.00000353607174474746, 0.45497453212738037)
Attachment6.WorldAxis = Vector3.new(0.7541460394859314, 0, 0.6567067503929138)
Attachment6.Parent = card3

local Attachment7 = Instance.new("Attachment")
Attachment7.WorldSecondaryAxis = Vector3.new(0.6051607131958008, 0.38835909962654114, -0.6949517726898193)
Attachment7.WorldOrientation = Vector3.new(-67.1475830078125, -41.0491943359375, 0)
Attachment7.CFrame = CFrame.new(-0.27817535400390625, -0.00000353607174474746, 0.45497453212738037)
Attachment7.WorldPosition = Vector3.new(-120.89346313476562, 37.99225997924805, 52.281494140625)
Attachment7.WorldCFrame = CFrame.new(-120.89346313476562, 37.99225997924805, 52.281494140625, 0.7541460394859314, 0.6051607131958008, -0.2550380527973175, 0, 0.38835909962654114, 0.921508252620697, 0.6567067503929138, -0.6949517726898193, 0.29287946224212646)
Attachment7.Position = Vector3.new(-0.27817535400390625, -0.00000353607174474746, 0.45497453212738037)
Attachment7.WorldAxis = Vector3.new(0.7541460394859314, 0, 0.6567067503929138)
Attachment7.Parent = card3

local Attachment8 = Instance.new("Attachment")
Attachment8.WorldSecondaryAxis = Vector3.new(0.6051607131958008, 0.38835909962654114, -0.6949517726898193)
Attachment8.WorldOrientation = Vector3.new(-67.1475830078125, -41.0491943359375, 0)
Attachment8.WorldPosition = Vector3.new(-120.56764221191406, 37.572998046875, 52.33091735839844)
Attachment8.WorldCFrame = CFrame.new(-120.56764221191406, 37.572998046875, 52.33091735839844, 0.7541460394859314, 0.6051607131958008, -0.2550380527973175, 0, 0.38835909962654114, 0.921508252620697, 0.6567067503929138, -0.6949517726898193, 0.29287946224212646)
Attachment8.WorldAxis = Vector3.new(0.7541460394859314, 0, 0.6567067503929138)
Attachment8.Parent = card3

local ParticleEmitter4 = Instance.new("ParticleEmitter")
ParticleEmitter4.LightInfluence = 1
ParticleEmitter4.Lifetime = NumberRange.new(4, 5)
ParticleEmitter4.LockedToPart = true
ParticleEmitter4.Transparency = NumberSequence.new({NumberSequenceKeypoint.new(0, 1), NumberSequenceKeypoint.new(0.1986223, 0.8375), NumberSequenceKeypoint.new(1, 1)})
ParticleEmitter4.LightEmission = 1
ParticleEmitter4.Speed = NumberRange.new(0, 0)
ParticleEmitter4.Size = NumberSequence.new({NumberSequenceKeypoint.new(0, 2.2499995), NumberSequenceKeypoint.new(0.5419058, 1.25), NumberSequenceKeypoint.new(1, 0.7499999)})
ParticleEmitter4.RotSpeed = NumberRange.new(10, 30)
ParticleEmitter4.Rate = 4
ParticleEmitter4.Texture = "http://www.roblox.com/asset/?id=917181007"
ParticleEmitter4.Rotation = NumberRange.new(1, 180)
ParticleEmitter4.Parent = Attachment8

local mat2 = Instance.new("Attachment")
mat2.Name = "mat"
mat2.WorldSecondaryAxis = Vector3.new(0.6051607131958008, 0.38835909962654114, -0.6949517726898193)
mat2.WorldOrientation = Vector3.new(-67.1475830078125, -41.0491943359375, 0)
mat2.WorldPosition = Vector3.new(-120.56764221191406, 37.572998046875, 52.33091735839844)
mat2.WorldCFrame = CFrame.new(-120.56764221191406, 37.572998046875, 52.33091735839844, 0.7541460394859314, 0.6051607131958008, -0.2550380527973175, 0, 0.38835909962654114, 0.921508252620697, 0.6567067503929138, -0.6949517726898193, 0.29287946224212646)
mat2.WorldAxis = Vector3.new(0.7541460394859314, 0, 0.6567067503929138)
mat2.Parent = card3

local ParticleEmitter5 = Instance.new("ParticleEmitter")
ParticleEmitter5.LightInfluence = 1
ParticleEmitter5.Lifetime = NumberRange.new(1.45, 1.45)
ParticleEmitter5.Transparency = NumberSequence.new({NumberSequenceKeypoint.new(0, 1), NumberSequenceKeypoint.new(0.4982778, 0.95), NumberSequenceKeypoint.new(1, 1)})
ParticleEmitter5.LightEmission = 1
ParticleEmitter5.Speed = NumberRange.new(0, 0)
ParticleEmitter5.Size = NumberSequence.new(1.8124998, 0)
ParticleEmitter5.RotSpeed = NumberRange.new(30, 100)
ParticleEmitter5.Rate = 200
ParticleEmitter5.Texture = "rbxassetid://418380863"
ParticleEmitter5.Rotation = NumberRange.new(1, 180)
ParticleEmitter5.Parent = mat2

local card1 = Instance.new("Part")
card1.Name = "card1"
card1.Anchored = true
card1.BottomSurface = Enum.SurfaceType.Smooth
card1.CanCollide = false
card1.TopSurface = Enum.SurfaceType.Smooth
card1.Color = Color3.fromRGB(248, 248, 248)
card1.Massless = true
card1.Material = Enum.Material.Neon
card1.Size = Vector3.new(0.5911353826522827, 0.051376596093177795, 0.9400021433830261)
card1.CFrame = CFrame.new(-108.14497375488281, 32.03125, 60.05339050292969, 0.7541460394859314, 0.6051607131958008, -0.2550380527973175, 0, 0.38835909962654114, 0.921508252620697, 0.6567067503929138, -0.6949517726898193, 0.29287946224212646)
card1.Parent = cards

local decal6 = Instance.new("Decal")
decal6.Name = "decal"
decal6.Face = Enum.NormalId.Bottom
decal6.Texture = "http://www.roblox.com/asset/?id=1881287656"
decal6.Parent = card1

local decal7 = Instance.new("Decal")
decal7.Name = "decal"
decal7.Face = Enum.NormalId.Top
decal7.Texture = "http://www.roblox.com/asset/?id=1881287656"
decal7.Parent = card1

local PointLight3 = Instance.new("PointLight")
PointLight3.Shadows = true
PointLight3.Brightness = 0.5
PointLight3.Range = 3
PointLight3.Parent = card1

local Attachment9 = Instance.new("Attachment")
Attachment9.WorldSecondaryAxis = Vector3.new(0.6051607131958008, 0.38835909962654114, -0.6949517726898193)
Attachment9.WorldOrientation = Vector3.new(-67.1475830078125, -41.0491943359375, 0)
Attachment9.CFrame = CFrame.new(-0.27817535400390625, -0.00000353607174474746, 0.45497453212738037)
Attachment9.WorldPosition = Vector3.new(-108.47079467773438, 32.45051193237305, 60.00396728515625)
Attachment9.WorldCFrame = CFrame.new(-108.47079467773438, 32.45051193237305, 60.00396728515625, 0.7541460394859314, 0.6051607131958008, -0.2550380527973175, 0, 0.38835909962654114, 0.921508252620697, 0.6567067503929138, -0.6949517726898193, 0.29287946224212646)
Attachment9.Position = Vector3.new(-0.27817535400390625, -0.00000353607174474746, 0.45497453212738037)
Attachment9.WorldAxis = Vector3.new(0.7541460394859314, 0, 0.6567067503929138)
Attachment9.Parent = card1

local Attachment10 = Instance.new("Attachment")
Attachment10.WorldSecondaryAxis = Vector3.new(0.6051607131958008, 0.38835909962654114, -0.6949517726898193)
Attachment10.WorldOrientation = Vector3.new(-67.1475830078125, -41.0491943359375, 0)
Attachment10.CFrame = CFrame.new(0.2872581481933594, -0.00000353607174474746, 0.45497453212738037)
Attachment10.WorldPosition = Vector3.new(-108.04438018798828, 32.45051193237305, 60.37528991699219)
Attachment10.WorldCFrame = CFrame.new(-108.04438018798828, 32.45051193237305, 60.37528991699219, 0.7541460394859314, 0.6051607131958008, -0.2550380527973175, 0, 0.38835909962654114, 0.921508252620697, 0.6567067503929138, -0.6949517726898193, 0.29287946224212646)
Attachment10.Position = Vector3.new(0.2872581481933594, -0.00000353607174474746, 0.45497453212738037)
Attachment10.WorldAxis = Vector3.new(0.7541460394859314, 0, 0.6567067503929138)
Attachment10.Parent = card1

local Attachment11 = Instance.new("Attachment")
Attachment11.WorldSecondaryAxis = Vector3.new(0.6051607131958008, 0.38835909962654114, -0.6949517726898193)
Attachment11.WorldOrientation = Vector3.new(-67.1475830078125, -41.0491943359375, 0)
Attachment11.WorldPosition = Vector3.new(-108.14497375488281, 32.03125, 60.05339050292969)
Attachment11.WorldCFrame = CFrame.new(-108.14497375488281, 32.03125, 60.05339050292969, 0.7541460394859314, 0.6051607131958008, -0.2550380527973175, 0, 0.38835909962654114, 0.921508252620697, 0.6567067503929138, -0.6949517726898193, 0.29287946224212646)
Attachment11.WorldAxis = Vector3.new(0.7541460394859314, 0, 0.6567067503929138)
Attachment11.Parent = card1

local ParticleEmitter6 = Instance.new("ParticleEmitter")
ParticleEmitter6.LightInfluence = 1
ParticleEmitter6.Lifetime = NumberRange.new(4, 5)
ParticleEmitter6.LockedToPart = true
ParticleEmitter6.Transparency = NumberSequence.new({NumberSequenceKeypoint.new(0, 1), NumberSequenceKeypoint.new(0.1986223, 0.8375), NumberSequenceKeypoint.new(1, 1)})
ParticleEmitter6.LightEmission = 1
ParticleEmitter6.Speed = NumberRange.new(0, 0)
ParticleEmitter6.Size = NumberSequence.new({NumberSequenceKeypoint.new(0, 2.2499995), NumberSequenceKeypoint.new(0.5419058, 1.25), NumberSequenceKeypoint.new(1, 0.7499999)})
ParticleEmitter6.RotSpeed = NumberRange.new(10, 30)
ParticleEmitter6.Rate = 4
ParticleEmitter6.Texture = "http://www.roblox.com/asset/?id=917181007"
ParticleEmitter6.Rotation = NumberRange.new(1, 180)
ParticleEmitter6.Parent = Attachment11

local mat3 = Instance.new("Attachment")
mat3.Name = "mat"
mat3.WorldSecondaryAxis = Vector3.new(0.6051607131958008, 0.38835909962654114, -0.6949517726898193)
mat3.WorldOrientation = Vector3.new(-67.1475830078125, -41.0491943359375, 0)
mat3.WorldPosition = Vector3.new(-108.14497375488281, 32.03125, 60.05339050292969)
mat3.WorldCFrame = CFrame.new(-108.14497375488281, 32.03125, 60.05339050292969, 0.7541460394859314, 0.6051607131958008, -0.2550380527973175, 0, 0.38835909962654114, 0.921508252620697, 0.6567067503929138, -0.6949517726898193, 0.29287946224212646)
mat3.WorldAxis = Vector3.new(0.7541460394859314, 0, 0.6567067503929138)
mat3.Parent = card1

local ParticleEmitter7 = Instance.new("ParticleEmitter")
ParticleEmitter7.LightInfluence = 1
ParticleEmitter7.Lifetime = NumberRange.new(1.45, 1.45)
ParticleEmitter7.Transparency = NumberSequence.new({NumberSequenceKeypoint.new(0, 1), NumberSequenceKeypoint.new(0.4982778, 0.95), NumberSequenceKeypoint.new(1, 1)})
ParticleEmitter7.LightEmission = 1
ParticleEmitter7.Speed = NumberRange.new(0, 0)
ParticleEmitter7.Size = NumberSequence.new(1.8124998, 0)
ParticleEmitter7.RotSpeed = NumberRange.new(30, 100)
ParticleEmitter7.Rate = 200
ParticleEmitter7.Texture = "rbxassetid://418380863"
ParticleEmitter7.Rotation = NumberRange.new(1, 180)
ParticleEmitter7.Parent = mat3


local staff = Instance.new("Model")
staff.Name = "staff"
staff.WorldPivot = CFrame.new(-144.36367797851562, 51.801673889160156, 89.1244125366211, 0.7541460394859314, 0, -0.6567067503929138, 0, 1, 0, 0.6567067503929138, 0, 0.7541460394859314)

local MeshPart = Instance.new("MeshPart")
MeshPart.Color = Color3.fromRGB(255, 0, 0)
MeshPart.Material = Enum.Material.Neon
MeshPart.Size = Vector3.new(0.40166956186294556, 0.4016694724559784, 0.07874457538127899)
MeshPart.CFrame = CFrame.new(-144.3083953857422, 49.087646484375, 89.05870056152344, -0.707267701625824, 0.7068940997123718, 0.008559777401387691, -0.006703002378344536, 0.005402002017945051, -0.9999629855155945, -0.7069141268730164, -0.7072988152503967, 0.0009176505263894796)
MeshPart.CollisionFidelity = Enum.CollisionFidelity.Default
MeshPart.Parent = staff

local Part = Instance.new("Part")
Part.BottomSurface = Enum.SurfaceType.Smooth
Part.TopSurface = Enum.SurfaceType.Smooth
Part.Color = Color3.fromRGB(151, 0, 0)
Part.Material = Enum.Material.Fabric
Part.Size = Vector3.new(0.2892489731311798, 0.2892489731311798, 0.2892489731311798)
Part.CFrame = CFrame.new(-143.59828186035156, 54.2568359375, 89.71678161621094, 0.7541460394859314, 0, -0.6567067503929138, 0, 1, 0, 0.6567067503929138, 0, 0.7541460394859314)
Part.Shape = Enum.PartType.Ball
Part.Parent = staff

local MeshPart1 = Instance.new("MeshPart")
MeshPart1.Color = Color3.fromRGB(17, 17, 17)
MeshPart1.Material = Enum.Material.Metal
MeshPart1.Size = Vector3.new(0.1675412952899933, 0.1675412654876709, 0.1667531579732895)
MeshPart1.CFrame = CFrame.new(-144.30592346191406, 48.58447265625, 89.05754089355469, -0.707267701625824, 0.7068940997123718, 0.008559777401387691, -0.006703002378344536, 0.005402002017945051, -0.9999629855155945, -0.7069141268730164, -0.7072988152503967, 0.0009176505263894796)
MeshPart1.CollisionFidelity = Enum.CollisionFidelity.Default
MeshPart1.Parent = staff

local MeshPart2 = Instance.new("MeshPart")
MeshPart2.CanCollide = false
MeshPart2.Color = Color3.fromRGB(255, 0, 0)
MeshPart2.Material = Enum.Material.Neon
MeshPart2.Size = Vector3.new(0.2875593900680542, 0.28755930066108704, 0.051761358976364136)
MeshPart2.CFrame = CFrame.new(-144.30113220214844, 49.71240234375, 89.05784606933594, -0.707267701625824, 0.7068940997123718, 0.008559777401387691, -0.006703002378344536, 0.005402002017945051, -0.9999629855155945, -0.7069141268730164, -0.7072988152503967, 0.0009176505263894796)
MeshPart2.CollisionFidelity = Enum.CollisionFidelity.Default
MeshPart2.Parent = staff

local MeshPart3 = Instance.new("MeshPart")
MeshPart3.CanCollide = false
MeshPart3.Color = Color3.fromRGB(255, 0, 0)
MeshPart3.Material = Enum.Material.Neon
MeshPart3.Size = Vector3.new(0.13403302431106567, 0.1340329945087433, 0.051761358976364136)
MeshPart3.CFrame = CFrame.new(-144.3058624267578, 48.377685546875, 89.05516052246094, -0.707267701625824, 0.7068940997123718, 0.008559777401387691, -0.006703002378344536, 0.005402002017945051, -0.9999629855155945, -0.7069141268730164, -0.7072988152503967, 0.0009176505263894796)
MeshPart3.CollisionFidelity = Enum.CollisionFidelity.Default
MeshPart3.Parent = staff

local Part1 = Instance.new("Part")
Part1.BottomSurface = Enum.SurfaceType.Smooth
Part1.TopSurface = Enum.SurfaceType.Smooth
Part1.Color = Color3.fromRGB(17, 17, 17)
Part1.Material = Enum.Material.Metal
Part1.Size = Vector3.new(0.4632037580013275, 0.4632037580013275, 0.4632037580013275)
Part1.CFrame = CFrame.new(-144.3061065673828, 49.436279296875, 89.05699157714844, 0.7541460394859314, 0, -0.6567067503929138, 0, 1, 0, 0.6567067503929138, 0, 0.7541460394859314)
Part1.Shape = Enum.PartType.Ball
Part1.Parent = staff

local Qeen = Instance.new("MeshPart")
Qeen.Name = "Qeen"
Qeen.Color = Color3.fromRGB(17, 17, 17)
Qeen.Material = Enum.Material.Metal
Qeen.Size = Vector3.new(0.39043697714805603, 1.1525481939315796, 0.3928622305393219)
Qeen.CFrame = CFrame.new(-144.3080291748047, 48.6318359375, 89.05760192871094, 0.7161371111869812, 0.00028835091507062316, 0.6979596018791199, -0.0008760002674534917, -0.9999987483024597, 0.001311948406510055, 0.6979590654373169, -0.0015509476652368903, -0.7161359786987305)
Qeen.CollisionFidelity = Enum.CollisionFidelity.Default
Qeen.Parent = staff

local Part2 = Instance.new("Part")
Part2.BottomSurface = Enum.SurfaceType.Smooth
Part2.TopSurface = Enum.SurfaceType.Smooth
Part2.Color = Color3.fromRGB(255, 0, 0)
Part2.Material = Enum.Material.Neon
Part2.Size = Vector3.new(0.3907000720500946, 0.25897663831710815, 0.0972682312130928)
Part2.CFrame = CFrame.new(-144.4058074951172, 49.44970703125, 88.96775817871094, 0.6567067503929138, -0.7541460394859314, 0, 0, 0, 1, -0.7541460394859314, -0.6567067503929138, 0)
Part2.Parent = staff

local Mesh = Instance.new("SpecialMesh")
Mesh.MeshType = Enum.MeshType.Sphere
Mesh.Parent = Part2

local Part3 = Instance.new("Part")
Part3.BottomSurface = Enum.SurfaceType.Smooth
Part3.TopSurface = Enum.SurfaceType.Smooth
Part3.Color = Color3.fromRGB(255, 0, 0)
Part3.Material = Enum.Material.Neon
Part3.Size = Vector3.new(0.3907000720500946, 0.25897663831710815, 0.0972682312130928)
Part3.CFrame = CFrame.new(-144.2051239013672, 49.44970703125, 89.14256286621094, 0.6567067503929138, 0.7541460394859314, 0, 0, 0, -1, -0.7541460394859314, 0.6567067503929138, 0)
Part3.Parent = staff

local Mesh1 = Instance.new("SpecialMesh")
Mesh1.MeshType = Enum.MeshType.Sphere
Mesh1.Parent = Part3

local Part4 = Instance.new("Part")
Part4.BottomSurface = Enum.SurfaceType.Smooth
Part4.TopSurface = Enum.SurfaceType.Smooth
Part4.Color = Color3.fromRGB(151, 0, 0)
Part4.Material = Enum.Material.Fabric
Part4.Size = Vector3.new(0.2892489731311798, 0.2892489731311798, 0.2892489731311798)
Part4.CFrame = CFrame.new(-144.83973693847656, 54.2744140625, 89.67051696777344, 0.7541460394859314, 0, -0.6567067503929138, 0, 1, 0, 0.6567067503929138, 0, 0.7541460394859314)
Part4.Shape = Enum.PartType.Ball
Part4.Parent = staff

local Part5 = Instance.new("Part")
Part5.BottomSurface = Enum.SurfaceType.Smooth
Part5.TopSurface = Enum.SurfaceType.Smooth
Part5.Color = Color3.fromRGB(255, 0, 0)
Part5.Material = Enum.Material.Neon
Part5.Size = Vector3.new(0.11509376019239426, 0.25897663831710815, 0.0972682312130928)
Part5.CFrame = CFrame.new(-144.4272918701172, 49.43603515625, 89.18974304199219, 0.6567067503929138, 0, 0.7541460394859314, 0, 1, 0, -0.7541460394859314, 0, 0.6567067503929138)
Part5.Parent = staff

local Mesh2 = Instance.new("SpecialMesh")
Mesh2.MeshType = Enum.MeshType.Sphere
Mesh2.Parent = Part5

local Part6 = Instance.new("Part")
Part6.BottomSurface = Enum.SurfaceType.Smooth
Part6.TopSurface = Enum.SurfaceType.Smooth
Part6.Color = Color3.fromRGB(255, 0, 0)
Part6.Material = Enum.Material.Neon
Part6.Size = Vector3.new(0.33350682258605957, 0.33350682258605957, 0.33350682258605957)
Part6.CFrame = CFrame.new(-144.3061065673828, 49.15966796875, 89.05699157714844, 0.7541460394859314, 0, -0.6567067503929138, 0, 1, 0, 0.6567067503929138, 0, 0.7541460394859314)
Part6.Shape = Enum.PartType.Ball
Part6.Parent = staff

local MeshPart4 = Instance.new("MeshPart")
MeshPart4.Color = Color3.fromRGB(255, 0, 0)
MeshPart4.Material = Enum.Material.Neon
MeshPart4.Size = Vector3.new(0.9074220061302185, 0.9074220061302185, 0.0949322059750557)
MeshPart4.CFrame = CFrame.new(-144.33103942871094, 55.49267578125, 89.07212829589844, -0.707267701625824, 0.7068940997123718, 0.008559777401387691, -0.006703002378344536, 0.005402002017945051, -0.9999629855155945, -0.7069141268730164, -0.7072988152503967, 0.0009176505263894796)
MeshPart4.CollisionFidelity = Enum.CollisionFidelity.Default
MeshPart4.Parent = staff

local Part7 = Instance.new("Part")
Part7.BottomSurface = Enum.SurfaceType.Smooth
Part7.TopSurface = Enum.SurfaceType.Smooth
Part7.Color = Color3.fromRGB(255, 0, 0)
Part7.Material = Enum.Material.Neon
Part7.Size = Vector3.new(0.06716453284025192, 0.06716453284025192, 0.06716453284025192)
Part7.CFrame = CFrame.new(-144.30381774902344, 48.0966796875, 89.05436706542969, 0.7541460394859314, 0, -0.6567067503929138, 0, 1, 0, 0.6567067503929138, 0, 0.7541460394859314)
Part7.Shape = Enum.PartType.Ball
Part7.Parent = staff

local MeshPart5 = Instance.new("MeshPart")
MeshPart5.Color = Color3.fromRGB(255, 0, 0)
MeshPart5.Material = Enum.Material.Neon
MeshPart5.Size = Vector3.new(0.15357953310012817, 0.1535794883966446, 0.2918180525302887)
MeshPart5.CFrame = CFrame.new(-144.30592346191406, 48.584716796875, 89.05754089355469, -0.707267701625824, 0.7068940997123718, 0.008559777401387691, -0.006703002378344536, 0.005402002017945051, -0.9999629855155945, -0.7069141268730164, -0.7072988152503967, 0.0009176505263894796)
MeshPart5.CollisionFidelity = Enum.CollisionFidelity.Default
MeshPart5.Parent = staff

local MeshPart6 = Instance.new("MeshPart")
MeshPart6.Color = Color3.fromRGB(17, 17, 17)
MeshPart6.Material = Enum.Material.Neon
MeshPart6.Size = Vector3.new(0.951697826385498, 0.9516978859901428, 0.09956425428390503)
MeshPart6.CFrame = CFrame.new(-144.33103942871094, 55.49267578125, 89.07212829589844, -0.707267701625824, 0.7068940997123718, 0.008559777401387691, -0.006703002378344536, 0.005402002017945051, -0.9999629855155945, -0.7069141268730164, -0.7072988152503967, 0.0009176505263894796)
MeshPart6.CollisionFidelity = Enum.CollisionFidelity.Default
MeshPart6.Parent = staff

local Part8 = Instance.new("Part")
Part8.BottomSurface = Enum.SurfaceType.Smooth
Part8.TopSurface = Enum.SurfaceType.Smooth
Part8.Color = Color3.fromRGB(151, 0, 0)
Part8.Material = Enum.Material.Fabric
Part8.Size = Vector3.new(0.2892489731311798, 0.2892489731311798, 0.2892489731311798)
Part8.CFrame = CFrame.new(-145.05555725097656, 54.265380859375, 88.44761657714844, 0.7541460394859314, 0, -0.6567067503929138, 0, 1, 0, 0.6567067503929138, 0, 0.7541460394859314)
Part8.Shape = Enum.PartType.Ball
Part8.Parent = staff

local MeshPart7 = Instance.new("MeshPart")
MeshPart7.Color = Color3.fromRGB(17, 17, 17)
MeshPart7.Material = Enum.Material.Neon
MeshPart7.Size = Vector3.new(0.25990381836891174, 0.25990375876426697, 0.19915294647216797)
MeshPart7.CFrame = CFrame.new(-144.30113220214844, 49.71240234375, 89.05784606933594, -0.707267701625824, 0.7068940997123718, 0.008559777401387691, -0.006703002378344536, 0.005402002017945051, -0.9999629855155945, -0.7069141268730164, -0.7072988152503967, 0.0009176505263894796)
MeshPart7.CollisionFidelity = Enum.CollisionFidelity.Default
MeshPart7.Parent = staff

local MeshPart8 = Instance.new("MeshPart")
MeshPart8.Color = Color3.fromRGB(248, 248, 248)
MeshPart8.Material = Enum.Material.SmoothPlastic
MeshPart8.Size = Vector3.new(0.6582092642784119, 0.6171640157699585, 0.33981701731681824)
MeshPart8.CFrame = CFrame.new(-144.06968688964844, 54.384765625, 88.78782653808594, 0.7541460394859314, 0, -0.6567067503929138, 0, 1, 0, 0.6567067503929138, 0, 0.7541460394859314)
MeshPart8.CollisionFidelity = Enum.CollisionFidelity.Default
MeshPart8.Parent = staff

local Attachment = Instance.new("Attachment")
Attachment.WorldOrientation = Vector3.new(-0, -41.049190521240234, 0)
Attachment.CFrame = CFrame.new(0, 0, 0.5960401892662048)
Attachment.WorldPosition = Vector3.new(-144.4611053466797, 54.384765625, 89.2373275756836)
Attachment.WorldCFrame = CFrame.new(-144.4611053466797, 54.384765625, 89.2373275756836, 0.7541460394859314, 0, -0.6567067503929138, 0, 1, 0, 0.6567067503929138, 0, 0.7541460394859314)
Attachment.Position = Vector3.new(0, 0, 0.5960401892662048)
Attachment.WorldAxis = Vector3.new(0.7541460394859314, 0, 0.6567067503929138)
Attachment.Parent = MeshPart8

local ParticleEmitter = Instance.new("ParticleEmitter")
ParticleEmitter.LightInfluence = 1
ParticleEmitter.LockedToPart = true
ParticleEmitter.Transparency = NumberSequence.new({NumberSequenceKeypoint.new(0, 1), NumberSequenceKeypoint.new(0.5005741, 0.675), NumberSequenceKeypoint.new(1, 1)})
ParticleEmitter.LightEmission = 1
ParticleEmitter.Color = ColorSequence.new(Color3.fromRGB(255, 0, 0))
ParticleEmitter.Speed = NumberRange.new(0, 0)
ParticleEmitter.Size = NumberSequence.new(2)
ParticleEmitter.RotSpeed = NumberRange.new(-15, 15)
ParticleEmitter.Texture = "rbxassetid://1084976679"
ParticleEmitter.Parent = Attachment

local ParticleEmitter1 = Instance.new("ParticleEmitter")
ParticleEmitter1.LightInfluence = 1
ParticleEmitter1.LockedToPart = true
ParticleEmitter1.Transparency = NumberSequence.new({NumberSequenceKeypoint.new(0, 1), NumberSequenceKeypoint.new(0.5005741, 0.75), NumberSequenceKeypoint.new(1, 1)})
ParticleEmitter1.LightEmission = 1
ParticleEmitter1.Color = ColorSequence.new(Color3.fromRGB(255, 0, 0))
ParticleEmitter1.Speed = NumberRange.new(0, 0)
ParticleEmitter1.Size = NumberSequence.new(3)
ParticleEmitter1.RotSpeed = NumberRange.new(2, 10)
ParticleEmitter1.Rate = 1
ParticleEmitter1.Texture = "rbxassetid://1084975295"
ParticleEmitter1.Parent = Attachment

local ParticleEmitter2 = Instance.new("ParticleEmitter")
ParticleEmitter2.LightInfluence = 1
ParticleEmitter2.LockedToPart = true
ParticleEmitter2.Transparency = NumberSequence.new({NumberSequenceKeypoint.new(0, 1), NumberSequenceKeypoint.new(0.5005741, 0.75), NumberSequenceKeypoint.new(1, 1)})
ParticleEmitter2.LightEmission = 1
ParticleEmitter2.Color = ColorSequence.new(Color3.fromRGB(255, 0, 0))
ParticleEmitter2.Speed = NumberRange.new(0, 0)
ParticleEmitter2.Size = NumberSequence.new(5)
ParticleEmitter2.RotSpeed = NumberRange.new(2, 10)
ParticleEmitter2.Rate = 1
ParticleEmitter2.Texture = "rbxassetid://1084975295"
ParticleEmitter2.Parent = Attachment

local Part9 = Instance.new("Part")
Part9.BottomSurface = Enum.SurfaceType.Smooth
Part9.TopSurface = Enum.SurfaceType.Smooth
Part9.Color = Color3.fromRGB(248, 248, 248)
Part9.Material = Enum.Material.Neon
